[62, 447, 11, 17, 'note', 'A', 0.913]
[327, 148, 11, 17, 'note', 'A', 0.913]
[170, 989, 11, 17, 'note', 'A', 0.913]
[470, 751, 11, 17, 'note', 'A', 0.913]
[263, 714, 11, 17, 'note', 'A', 0.913]
[412, 404, 11, 17, 'note', 'A', 0.913]
[69, 784, 11, 17, 'note', 'A', 0.913]
[30, 785, 11, 17, 'note', 'A', 0.913]
[78, 854, 11, 17, 'note', 'A', 0.913]
[274, 924, 11, 17, 'note', 'A', 0.913]
[164, 216, 11, 17, 'note', 'A', 0.913]
[144, 1132, 11, 17, 'note', 'A', 0.913]
[152, 1132, 11, 17, 'note', 'A', 0.913]
[148, 521, 11, 17, 'note', 'A', 0.913]
[34, 625, 11, 17, 'note', 'A', 0.913]
[309, 1155, 11, 17, 'note', 'A', 0.913]
[146, 580, 11, 17, 'note', 'A', 0.913]
[59, 606, 11, 17, 'note', 'A', 0.913]
[293, 692, 11, 17, 'note', 'A', 0.913]
[62, 470, 11, 17, 'note', 'A', 0.913]
[161, 473, 11, 17, 'note', 'A', 0.913]
[161, 674, 11, 17, 'note', 'A', 0.913]
[180, 782, 11, 17, 'note', 'A', 0.913]
[411, 1139, 11, 17, 'note', 'A', 0.913]
[28, 423, 11, 17, 'note', 'A', 0.913]
[409, 1063, 11, 17, 'note', 'A', 0.913]
[313, 924, 11, 17, 'note', 'A', 0.913]
[283, 1057, 11, 17, 'note', 'A', 0.913]
[154, 1085, 11, 17, 'note', 'A', 0.913]
[46, 831, 11, 17, 'note', 'A', 0.913]
[25, 445, 11, 17, 'note', 'A', 0.913]
[398, 614, 11, 17, 'note', 'A', 0.913]
[301, 1099, 11, 17, 'note', 'A', 0.913]
[304, 534, 11, 17, 'note', 'A', 0.913]
[291, 693, 11, 17, 'note', 'A', 0.913]
[284, 1058, 11, 17, 'note', 'A', 0.913]
[143, 936, 11, 17, 'note', 'A', 0.913]
[427, 671, 11, 17, 'note', 'A', 0.913]
[299, 575, 11, 17, 'note', 'A', 0.913]
[41, 937, 11, 17, 'note', 'A', 0.913]
[141, 378, 11, 17, 'note', 'A', 0.913]
[43, 240, 11, 17, 'note', 'A', 0.913]
[161, 217, 11, 17, 'note', 'A', 0.913]
[424, 326, 11, 17, 'note', 'A', 0.913]
[310, 923, 11, 17, 'note', 'A', 0.913]
[378, 791, 11, 17, 'note', 'A', 0.913]
[57, 373, 11, 17, 'note', 'A', 0.913]
[51, 539, 11, 17, 'note', 'A', 0.913]
[416, 403, 11, 17, 'note', 'A', 0.913]
[217, 693, 11, 17, 'note', 'A', 0.913]
[422, 327, 11, 17, 'note', 'A', 0.913]
[135, 988, 11, 17, 'note', 'A', 0.913]
[133, 628, 11, 17, 'note', 'A', 0.913]
[161, 268, 11, 17, 'note', 'A', 0.913]
[179, 783, 11, 17, 'note', 'A', 0.913]
[61, 1059, 11, 17, 'note', 'A', 0.913]
[391, 843, 11, 17, 'note', 'A', 0.913]
[412, 752, 11, 17, 'note', 'A', 0.913]
[396, 266, 11, 17, 'note', 'A', 0.913]
[385, 445, 11, 17, 'note', 'A', 0.913]
[313, 381, 11, 17, 'note', 'A', 0.913]
[393, 1143, 11, 17, 'note', 'A', 0.913]
[422, 324, 11, 17, 'note', 'A', 0.913]
[402, 881, 11, 17, 'note', 'A', 0.913]
[289, 861, 11, 17, 'note', 'A', 0.913]
[448, 1099, 11, 17, 'note', 'A', 0.913]
[122, 1131, 11, 17, 'note', 'A', 0.913]
[43, 337, 11, 17, 'note', 'A', 0.913]
[385, 535, 11, 17, 'note', 'A', 0.913]
[413, 883, 11, 17, 'note', 'A', 0.913]
[433, 1021, 11, 17, 'note', 'A', 0.913]
[144, 831, 11, 17, 'note', 'A', 0.913]
[156, 1132, 11, 17, 'note', 'A', 0.913]
[72, 626, 11, 17, 'note', 'A', 0.913]
[264, 711, 11, 17, 'note', 'A', 0.913]
[446, 1102, 11, 17, 'note', 'A', 0.913]
[155, 1084, 11, 17, 'note', 'A', 0.913]
[13, 214, 11, 17, 'note', 'A', 0.913]
[306, 1081, 11, 17, 'note', 'A', 0.913]
[52, 539, 11, 17, 'note', 'A', 0.913]
[293, 1126, 11, 17, 'note', 'A', 0.913]
[414, 444, 11, 17, 'note', 'A', 0.913]
[67, 515, 11, 17, 'note', 'A', 0.913]
[160, 723, 11, 17, 'note', 'A', 0.913]
[127, 425, 11, 17, 'note', 'A', 0.913]
[160, 219, 11, 17, 'note', 'A', 0.913]
[313, 343, 11, 17, 'note', 'A', 0.913]
[378, 881, 11, 17, 'note', 'A', 0.913]
[386, 441, 11, 17, 'note', 'A', 0.913]
[395, 266, 11, 17, 'note', 'A', 0.913]
[273, 922, 11, 17, 'note', 'A', 0.913]
[158, 473, 11, 17, 'note', 'A', 0.913]
[31, 785, 11, 17, 'note', 'A', 0.913]
[163, 314, 11, 17, 'note', 'A', 0.913]
[414, 443, 11, 17, 'note', 'A', 0.913]
[81, 700, 11, 17, 'note', 'A', 0.913]
[427, 151, 11, 17, 'note', 'A', 0.913]
[178, 783, 11, 17, 'note', 'A', 0.913]
[311, 1079, 11, 17, 'note', 'A', 0.913]
[311, 1039, 11, 17, 'note', 'A', 0.913]
[430, 266, 11, 17, 'note', 'A', 0.913]
[449, 921, 11, 17, 'note', 'A', 0.913]
[142, 880, 11, 17, 'note', 'A', 0.913]
[414, 535, 11, 17, 'note', 'A', 0.913]
[221, 273, 11, 17, 'note', 'A', 0.913]
[277, 963, 11, 17, 'note', 'A', 0.913]
[27, 421, 11, 17, 'note', 'A', 0.913]
[320, 1059, 11, 17, 'note', 'A', 0.913]
[409, 1099, 11, 17, 'note', 'A', 0.913]
[292, 692, 11, 17, 'note', 'A', 0.913]
[308, 1080, 11, 17, 'note', 'A', 0.913]
[299, 268, 11, 17, 'note', 'A', 0.913]
[413, 751, 11, 17, 'note', 'A', 0.913]
[298, 425, 11, 17, 'note', 'A', 0.913]
[141, 938, 11, 17, 'note', 'A', 0.913]
[80, 852, 11, 17, 'note', 'A', 0.913]
[392, 671, 11, 17, 'note', 'A', 0.913]
[45, 1153, 11, 17, 'note', 'A', 0.913]
[76, 703, 11, 17, 'note', 'A', 0.913]
[431, 231, 11, 17, 'note', 'A', 0.913]
[314, 342, 11, 17, 'note', 'A', 0.913]
[435, 614, 11, 17, 'note', 'A', 0.913]
[137, 988, 11, 17, 'note', 'A', 0.913]
[79, 935, 11, 17, 'note', 'A', 0.913]
[158, 832, 11, 17, 'note', 'A', 0.913]
[279, 881, 11, 17, 'note', 'A', 0.913]
[411, 1101, 11, 17, 'note', 'A', 0.913]
[49, 675, 11, 17, 'note', 'A', 0.913]
[396, 1061, 11, 17, 'note', 'A', 0.913]
[197, 676, 11, 17, 'note', 'A', 0.913]
[429, 1024, 11, 17, 'note', 'A', 0.913]
[325, 361, 11, 17, 'note', 'A', 0.913]
[60, 447, 11, 17, 'note', 'A', 0.913]
[76, 879, 11, 17, 'note', 'A', 0.913]
[141, 878, 11, 17, 'note', 'A', 0.913]
[161, 675, 11, 17, 'note', 'A', 0.913]
[335, 268, 11, 17, 'note', 'A', 0.913]
[404, 191, 11, 17, 'note', 'A', 0.913]
[75, 1110, 11, 17, 'note', 'A', 0.913]
[57, 293, 11, 17, 'note', 'A', 0.913]
[162, 314, 11, 17, 'note', 'A', 0.913]
[400, 575, 11, 17, 'note', 'A', 0.913]
[413, 750, 11, 17, 'note', 'A', 0.913]
[386, 445, 11, 17, 'note', 'A', 0.913]
[26, 518, 11, 17, 'note', 'A', 0.913]
[308, 188, 11, 17, 'note', 'A', 0.913]
[136, 988, 11, 17, 'note', 'A', 0.913]
[308, 1041, 11, 17, 'note', 'A', 0.913]
[263, 713, 11, 17, 'note', 'A', 0.913]
[178, 170, 11, 17, 'note', 'A', 0.913]
[174, 171, 11, 17, 'note', 'A', 0.913]
[222, 269, 11, 17, 'note', 'A', 0.913]
[380, 190, 11, 17, 'note', 'A', 0.913]
[57, 376, 11, 17, 'note', 'A', 0.913]
[42, 336, 11, 17, 'note', 'A', 0.913]
[163, 423, 11, 17, 'note', 'A', 0.913]
[42, 878, 11, 17, 'note', 'A', 0.913]
[48, 674, 11, 17, 'note', 'A', 0.913]
[335, 269, 11, 17, 'note', 'A', 0.913]
[399, 964, 11, 17, 'note', 'A', 0.913]
[60, 745, 11, 17, 'note', 'A', 0.913]
[470, 752, 11, 17, 'note', 'A', 0.913]
[415, 191, 11, 17, 'note', 'A', 0.913]
[396, 1024, 11, 17, 'note', 'A', 0.913]
[60, 604, 11, 17, 'note', 'A', 0.913]
[410, 752, 11, 17, 'note', 'A', 0.913]
[281, 1059, 11, 17, 'note', 'A', 0.913]
[415, 366, 11, 17, 'note', 'A', 0.913]
[65, 516, 11, 17, 'note', 'A', 0.913]
[397, 1023, 11, 17, 'note', 'A', 0.913]
[43, 398, 11, 17, 'note', 'A', 0.913]
[415, 401, 11, 17, 'note', 'A', 0.913]
[164, 267, 11, 17, 'note', 'A', 0.913]
[379, 791, 11, 17, 'note', 'A', 0.913]
[78, 877, 11, 17, 'note', 'A', 0.913]
[51, 673, 11, 17, 'note', 'A', 0.913]
[333, 271, 11, 17, 'note', 'A', 0.913]
[315, 962, 11, 17, 'note', 'A', 0.913]
[284, 1059, 11, 17, 'note', 'A', 0.913]
[416, 401, 11, 17, 'note', 'A', 0.913]
[335, 208, 11, 17, 'note', 'A', 0.913]
[296, 619, 11, 17, 'note', 'A', 0.913]
[326, 362, 11, 17, 'note', 'A', 0.913]
[427, 841, 11, 17, 'note', 'A', 0.913]
[64, 518, 11, 17, 'note', 'A', 0.913]
[414, 880, 11, 17, 'note', 'A', 0.913]
[308, 777, 11, 17, 'note', 'A', 0.913]
[412, 191, 11, 17, 'note', 'A', 0.913]
[43, 877, 11, 17, 'note', 'A', 0.913]
[427, 150, 11, 17, 'note', 'A', 0.913]
[407, 1141, 11, 17, 'note', 'A', 0.913]
[55, 376, 11, 17, 'note', 'A', 0.913]
[383, 1061, 11, 17, 'note', 'A', 0.913]
[321, 365, 11, 17, 'note', 'A', 0.913]
[392, 670, 11, 17, 'note', 'A', 0.913]
[60, 650, 11, 17, 'note', 'A', 0.913]
[412, 1061, 11, 17, 'note', 'A', 0.913]
[381, 1143, 11, 17, 'note', 'A', 0.913]
[144, 829, 11, 17, 'note', 'A', 0.913]
[280, 963, 11, 17, 'note', 'A', 0.913]
[76, 1108, 11, 17, 'note', 'A', 0.913]
[156, 1130, 11, 17, 'note', 'A', 0.913]
[140, 936, 11, 17, 'note', 'A', 0.913]
[273, 901, 11, 17, 'note', 'A', 0.913]
[178, 171, 11, 17, 'note', 'A', 0.913]
[286, 495, 11, 17, 'note', 'A', 0.913]
[330, 1125, 11, 17, 'note', 'A', 0.913]
[144, 782, 11, 17, 'note', 'A', 0.913]
[48, 541, 11, 17, 'note', 'A', 0.913]
[320, 1060, 11, 17, 'note', 'A', 0.913]
[302, 535, 11, 17, 'note', 'A', 0.913]
[43, 704, 11, 17, 'note', 'A', 0.913]
[395, 149, 11, 17, 'note', 'A', 0.913]
[22, 470, 11, 17, 'note', 'A', 0.913]
[288, 497, 11, 17, 'note', 'A', 0.913]
[291, 862, 11, 17, 'note', 'A', 0.913]
[388, 322, 11, 17, 'note', 'A', 0.913]
[325, 364, 11, 17, 'note', 'A', 0.913]
[291, 1126, 11, 17, 'note', 'A', 0.913]
[68, 782, 11, 17, 'note', 'A', 0.913]
[411, 713, 11, 17, 'note', 'A', 0.913]
[163, 268, 11, 17, 'note', 'A', 0.913]
[149, 424, 11, 17, 'note', 'A', 0.913]
[393, 231, 11, 17, 'note', 'A', 0.913]
[198, 672, 11, 17, 'note', 'A', 0.913]
[143, 375, 11, 17, 'note', 'A', 0.913]
[160, 472, 11, 17, 'note', 'A', 0.913]
[333, 231, 11, 17, 'note', 'A', 0.913]
[154, 1084, 11, 17, 'note', 'A', 0.913]
[299, 231, 11, 17, 'note', 'A', 0.913]
[303, 401, 11, 17, 'note', 'A', 0.913]
[428, 841, 11, 17, 'note', 'A', 0.913]
[446, 926, 11, 17, 'note', 'A', 0.913]
[297, 270, 11, 17, 'note', 'A', 0.913]
[272, 904, 11, 17, 'note', 'A', 0.913]
[399, 443, 11, 17, 'note', 'A', 0.913]
[79, 933, 11, 17, 'note', 'A', 0.913]
[413, 923, 11, 17, 'note', 'A', 0.913]
[174, 172, 11, 17, 'note', 'A', 0.913]
[58, 746, 11, 17, 'note', 'A', 0.913]
[309, 247, 11, 17, 'note', 'A', 0.913]
[161, 723, 11, 17, 'note', 'A', 0.913]
[413, 191, 11, 17, 'note', 'A', 0.913]
[221, 267, 11, 17, 'note', 'A', 0.913]
[178, 936, 11, 17, 'note', 'A', 0.913]
[399, 363, 11, 17, 'note', 'A', 0.913]
[40, 1111, 11, 17, 'note', 'A', 0.913]
[162, 216, 11, 17, 'note', 'A', 0.913]
[61, 447, 11, 17, 'note', 'A', 0.913]
[387, 364, 11, 17, 'note', 'A', 0.913]
[41, 398, 11, 17, 'note', 'A', 0.913]
[414, 788, 11, 17, 'note', 'A', 0.913]
[72, 627, 11, 17, 'note', 'A', 0.913]
[399, 615, 11, 17, 'note', 'A', 0.913]
[311, 1080, 11, 17, 'note', 'A', 0.913]
[150, 316, 11, 17, 'note', 'A', 0.913]
[305, 841, 11, 17, 'note', 'A', 0.913]
[12, 218, 11, 17, 'note', 'A', 0.913]
[218, 1083, 11, 17, 'note', 'A', 0.913]
[397, 1020, 11, 17, 'note', 'A', 0.913]
[413, 1063, 11, 17, 'note', 'A', 0.913]
[194, 675, 11, 17, 'note', 'A', 0.913]
[308, 1082, 11, 17, 'note', 'A', 0.913]
[69, 629, 11, 17, 'note', 'A', 0.913]
[333, 209, 11, 17, 'note', 'A', 0.913]
[399, 442, 11, 17, 'note', 'A', 0.913]
[378, 883, 11, 17, 'note', 'A', 0.913]
[299, 576, 11, 17, 'note', 'A', 0.913]
[381, 191, 11, 17, 'note', 'A', 0.913]
[161, 267, 11, 17, 'note', 'A', 0.913]
[410, 713, 11, 17, 'note', 'A', 0.913]
[397, 537, 11, 17, 'note', 'A', 0.913]
[398, 498, 11, 17, 'note', 'A', 0.913]
[312, 901, 11, 17, 'note', 'A', 0.913]
[293, 1123, 11, 17, 'note', 'A', 0.913]
[49, 542, 11, 17, 'note', 'A', 0.913]
[429, 1022, 11, 17, 'note', 'A', 0.913]
[413, 444, 11, 17, 'note', 'A', 0.913]
[33, 630, 11, 17, 'note', 'A', 0.913]
[176, 937, 11, 17, 'note', 'A', 0.913]
[143, 832, 11, 17, 'note', 'A', 0.913]
[142, 172, 11, 17, 'note', 'A', 0.913]
[308, 924, 11, 17, 'note', 'A', 0.913]
[40, 399, 11, 17, 'note', 'A', 0.913]
[268, 777, 11, 17, 'note', 'A', 0.913]
[175, 378, 11, 17, 'note', 'A', 0.913]
[76, 936, 11, 17, 'note', 'A', 0.913]
[318, 1061, 11, 17, 'note', 'A', 0.913]
[78, 703, 11, 17, 'note', 'A', 0.913]
[199, 269, 11, 17, 'note', 'A', 0.913]
[380, 1141, 11, 17, 'note', 'A', 0.913]
[299, 269, 11, 17, 'note', 'A', 0.913]
[393, 230, 11, 17, 'note', 'A', 0.913]
[164, 265, 11, 17, 'note', 'A', 0.913]
[396, 1020, 11, 17, 'note', 'A', 0.913]
[412, 1098, 11, 17, 'note', 'A', 0.913]
[295, 149, 11, 17, 'note', 'A', 0.913]
[151, 423, 11, 17, 'note', 'A', 0.913]
[386, 534, 11, 17, 'note', 'A', 0.913]
[149, 219, 11, 17, 'note', 'A', 0.913]
[68, 627, 11, 17, 'note', 'A', 0.913]
[131, 725, 11, 17, 'note', 'A', 0.913]
[78, 701, 11, 17, 'note', 'A', 0.913]
[41, 1107, 11, 17, 'note', 'A', 0.913]
[160, 268, 11, 17, 'note', 'A', 0.913]
[34, 629, 11, 17, 'note', 'A', 0.913]
[334, 209, 11, 17, 'note', 'A', 0.913]
[40, 937, 11, 17, 'note', 'A', 0.913]
[398, 617, 11, 17, 'note', 'A', 0.913]
[298, 1100, 11, 17, 'note', 'A', 0.913]
[396, 228, 11, 17, 'note', 'A', 0.913]
[267, 777, 11, 17, 'note', 'A', 0.913]
[156, 1083, 11, 17, 'note', 'A', 0.913]
[306, 399, 11, 17, 'note', 'A', 0.913]
[311, 382, 11, 17, 'note', 'A', 0.913]
[41, 337, 11, 17, 'note', 'A', 0.913]
[301, 403, 11, 17, 'note', 'A', 0.913]
[317, 1061, 11, 17, 'note', 'A', 0.913]
[48, 542, 11, 17, 'note', 'A', 0.913]
[143, 629, 11, 17, 'note', 'A', 0.913]
[49, 674, 11, 17, 'note', 'A', 0.913]
[428, 152, 11, 17, 'note', 'A', 0.913]
[22, 472, 11, 17, 'note', 'A', 0.913]
[310, 248, 11, 17, 'note', 'A', 0.913]
[308, 926, 11, 17, 'note', 'A', 0.913]
[412, 883, 11, 17, 'note', 'A', 0.913]
[131, 724, 11, 17, 'note', 'A', 0.913]
[42, 337, 11, 17, 'note', 'A', 0.913]
[402, 713, 11, 17, 'note', 'A', 0.913]
[317, 963, 11, 17, 'note', 'A', 0.913]
[63, 445, 11, 17, 'note', 'A', 0.913]
[314, 383, 11, 17, 'note', 'A', 0.913]
[51, 1081, 11, 17, 'note', 'A', 0.913]
[143, 935, 11, 17, 'note', 'A', 0.913]
[278, 752, 11, 17, 'note', 'A', 0.913]
[76, 702, 11, 17, 'note', 'A', 0.913]
[24, 468, 11, 17, 'note', 'A', 0.913]
[310, 1040, 11, 17, 'note', 'A', 0.913]
[387, 444, 11, 17, 'note', 'A', 0.913]
[302, 401, 11, 17, 'note', 'A', 0.913]
[142, 829, 11, 17, 'note', 'A', 0.913]
[80, 702, 11, 17, 'note', 'A', 0.913]
[31, 781, 11, 17, 'note', 'A', 0.913]
[197, 471, 11, 17, 'note', 'A', 0.913]
[302, 944, 11, 17, 'note', 'A', 0.913]
[413, 404, 11, 17, 'note', 'A', 0.913]
[59, 605, 11, 17, 'note', 'A', 0.913]
[59, 744, 11, 17, 'note', 'A', 0.913]
[301, 984, 11, 17, 'note', 'A', 0.913]
[415, 363, 11, 17, 'note', 'A', 0.913]
[282, 1062, 11, 17, 'note', 'A', 0.913]
[56, 745, 11, 17, 'note', 'A', 0.913]
[331, 425, 11, 17, 'note', 'A', 0.913]
[302, 402, 11, 17, 'note', 'A', 0.913]
[294, 149, 11, 17, 'note', 'A', 0.913]
[221, 272, 11, 17, 'note', 'A', 0.913]
[28, 421, 11, 17, 'note', 'A', 0.913]
[380, 790, 11, 17, 'note', 'A', 0.913]
[13, 217, 11, 17, 'note', 'A', 0.913]
[431, 267, 11, 17, 'note', 'A', 0.913]
[311, 518, 11, 17, 'note', 'A', 0.913]
[297, 424, 11, 17, 'note', 'A', 0.913]
[63, 446, 11, 17, 'note', 'A', 0.913]
[32, 627, 11, 17, 'note', 'A', 0.913]
[312, 922, 11, 17, 'note', 'A', 0.913]
[222, 267, 11, 17, 'note', 'A', 0.913]
[298, 268, 11, 17, 'note', 'A', 0.913]
[301, 945, 11, 17, 'note', 'A', 0.913]
[298, 986, 11, 17, 'note', 'A', 0.913]
[400, 576, 11, 17, 'note', 'A', 0.913]
[79, 852, 11, 17, 'note', 'A', 0.913]
[43, 335, 11, 17, 'note', 'A', 0.913]
[159, 474, 11, 17, 'note', 'A', 0.913]
[71, 628, 11, 17, 'note', 'A', 0.913]
[314, 458, 11, 17, 'note', 'A', 0.913]
[412, 1100, 11, 17, 'note', 'A', 0.913]
[426, 842, 11, 17, 'note', 'A', 0.913]
[177, 784, 11, 17, 'note', 'A', 0.913]
[58, 806, 11, 17, 'note', 'A', 0.913]
[58, 606, 11, 17, 'note', 'A', 0.913]
[152, 217, 11, 17, 'note', 'A', 0.913]
[296, 1102, 11, 17, 'note', 'A', 0.913]
[155, 1036, 11, 17, 'note', 'A', 0.913]
[52, 540, 11, 17, 'note', 'A', 0.913]
[22, 449, 11, 17, 'note', 'A', 0.913]
[408, 1102, 11, 17, 'note', 'A', 0.913]
[315, 342, 11, 17, 'note', 'A', 0.913]
[298, 947, 11, 17, 'note', 'A', 0.913]
[411, 751, 11, 17, 'note', 'A', 0.913]
[158, 725, 11, 17, 'note', 'A', 0.913]
[324, 362, 11, 17, 'note', 'A', 0.913]
[42, 398, 11, 17, 'note', 'A', 0.913]
[67, 628, 11, 17, 'note', 'A', 0.913]
[399, 497, 11, 17, 'note', 'A', 0.913]
[317, 169, 11, 17, 'note', 'A', 0.913]
[311, 597, 11, 17, 'note', 'A', 0.913]
[158, 830, 11, 17, 'note', 'A', 0.913]
[273, 904, 11, 17, 'note', 'A', 0.913]
[426, 843, 11, 17, 'note', 'A', 0.913]
[153, 1084, 11, 17, 'note', 'A', 0.913]
[321, 364, 11, 17, 'note', 'A', 0.913]
[24, 444, 11, 17, 'note', 'A', 0.913]
[300, 1098, 11, 17, 'note', 'A', 0.913]
[42, 877, 11, 17, 'note', 'A', 0.913]
[126, 218, 11, 17, 'note', 'A', 0.913]
[287, 498, 11, 17, 'note', 'A', 0.913]
[155, 1132, 11, 17, 'note', 'A', 0.913]
[274, 923, 11, 17, 'note', 'A', 0.913]
[413, 790, 11, 17, 'note', 'A', 0.913]
[332, 271, 11, 17, 'note', 'A', 0.913]
[59, 806, 11, 17, 'note', 'A', 0.913]
[304, 711, 11, 17, 'note', 'A', 0.913]
[77, 878, 11, 17, 'note', 'A', 0.913]
[120, 1131, 11, 17, 'note', 'A', 0.913]
[45, 701, 11, 17, 'note', 'A', 0.913]
[163, 265, 11, 17, 'note', 'A', 0.913]
[334, 270, 11, 17, 'note', 'A', 0.913]
[43, 854, 11, 17, 'note', 'A', 0.913]
[314, 515, 11, 17, 'note', 'A', 0.913]
[306, 400, 11, 17, 'note', 'A', 0.913]
[198, 471, 11, 17, 'note', 'A', 0.913]
[198, 674, 11, 17, 'note', 'A', 0.913]
[59, 745, 11, 17, 'note', 'A', 0.913]
[311, 923, 11, 17, 'note', 'A', 0.913]
[432, 1023, 11, 17, 'note', 'A', 0.913]
[80, 700, 11, 17, 'note', 'A', 0.913]
[70, 1036, 11, 17, 'note', 'A', 0.913]
[300, 227, 11, 17, 'note', 'A', 0.913]
[332, 231, 11, 17, 'note', 'A', 0.913]
[291, 692, 11, 17, 'note', 'A', 0.913]
[153, 1035, 11, 17, 'note', 'A', 0.913]
[162, 315, 11, 17, 'note', 'A', 0.913]
[43, 1152, 11, 17, 'note', 'A', 0.913]
[433, 1022, 11, 17, 'note', 'A', 0.913]
[297, 575, 11, 17, 'note', 'A', 0.913]
[43, 933, 11, 17, 'note', 'A', 0.913]
[49, 829, 11, 17, 'note', 'A', 0.913]
[50, 673, 11, 17, 'note', 'A', 0.913]
[306, 1082, 11, 17, 'note', 'A', 0.913]
[59, 471, 11, 17, 'note', 'A', 0.913]
[133, 627, 11, 17, 'note', 'A', 0.913]
[314, 460, 11, 17, 'note', 'A', 0.913]
[279, 751, 11, 17, 'note', 'A', 0.913]
[312, 517, 11, 17, 'note', 'A', 0.913]
[410, 924, 11, 17, 'note', 'A', 0.913]
[299, 423, 11, 17, 'note', 'A', 0.913]
[447, 1101, 11, 17, 'note', 'A', 0.913]
[394, 1022, 11, 17, 'note', 'A', 0.913]
[176, 169, 11, 17, 'note', 'A', 0.913]
[431, 578, 11, 17, 'note', 'A', 0.913]
[315, 380, 11, 17, 'note', 'A', 0.913]
[176, 378, 11, 17, 'note', 'A', 0.913]
[62, 469, 11, 17, 'note', 'A', 0.913]
[410, 1101, 11, 17, 'note', 'A', 0.913]
[313, 517, 11, 17, 'note', 'A', 0.913]
[45, 702, 11, 17, 'note', 'A', 0.913]
[220, 676, 11, 17, 'note', 'A', 0.913]
[428, 269, 11, 17, 'note', 'A', 0.913]
[300, 536, 11, 17, 'note', 'A', 0.913]
[143, 628, 11, 17, 'note', 'A', 0.913]
[164, 217, 11, 17, 'note', 'A', 0.913]
[308, 250, 11, 17, 'note', 'A', 0.913]
[428, 670, 11, 17, 'note', 'A', 0.913]
[299, 227, 11, 17, 'note', 'A', 0.913]
[58, 807, 11, 17, 'note', 'A', 0.913]
[157, 1034, 11, 17, 'note', 'A', 0.913]
[160, 829, 11, 17, 'note', 'A', 0.913]
[311, 459, 11, 17, 'note', 'A', 0.913]
[416, 365, 11, 17, 'note', 'A', 0.913]
[46, 1151, 11, 17, 'note', 'A', 0.913]
[153, 1036, 11, 17, 'note', 'A', 0.913]
[77, 853, 11, 17, 'note', 'A', 0.913]
[335, 229, 11, 17, 'note', 'A', 0.913]
[398, 442, 11, 17, 'note', 'A', 0.913]
[272, 926, 11, 17, 'note', 'A', 0.913]
[153, 1132, 11, 17, 'note', 'A', 0.913]
[60, 1059, 11, 17, 'note', 'A', 0.913]
[172, 988, 11, 17, 'note', 'A', 0.913]
[299, 984, 11, 17, 'note', 'A', 0.913]
[299, 618, 11, 17, 'note', 'A', 0.913]
[132, 625, 11, 17, 'note', 'A', 0.913]
[76, 1110, 11, 17, 'note', 'A', 0.913]
[196, 472, 11, 17, 'note', 'A', 0.913]
[141, 831, 11, 17, 'note', 'A', 0.913]
[413, 403, 11, 17, 'note', 'A', 0.913]
[332, 556, 11, 17, 'note', 'A', 0.913]
[289, 862, 11, 17, 'note', 'A', 0.913]
[56, 293, 11, 17, 'note', 'A', 0.913]
[46, 1152, 11, 17, 'note', 'A', 0.913]
[154, 1036, 11, 17, 'note', 'A', 0.913]
[121, 1133, 11, 17, 'note', 'A', 0.913]
[177, 377, 11, 17, 'note', 'A', 0.913]
[66, 784, 11, 17, 'note', 'A', 0.913]
[310, 1079, 11, 17, 'note', 'A', 0.913]
[310, 1081, 11, 17, 'note', 'A', 0.913]
[299, 985, 11, 17, 'note', 'A', 0.913]
[334, 553, 11, 17, 'note', 'A', 0.913]
[333, 575, 11, 17, 'note', 'A', 0.913]
[160, 831, 11, 17, 'note', 'A', 0.913]
[32, 784, 11, 17, 'note', 'A', 0.913]
[334, 423, 11, 17, 'note', 'A', 0.913]
[295, 148, 11, 17, 'note', 'A', 0.913]
[221, 269, 11, 17, 'note', 'A', 0.913]
[395, 1061, 11, 17, 'note', 'A', 0.913]
[185, 519, 11, 17, 'note', 'A', 0.913]
[47, 830, 11, 17, 'note', 'A', 0.913]
[330, 578, 11, 17, 'note', 'A', 0.913]
[143, 782, 11, 17, 'note', 'A', 0.913]
[403, 712, 11, 17, 'note', 'A', 0.913]
[313, 923, 11, 17, 'note', 'A', 0.913]
[398, 965, 11, 17, 'note', 'A', 0.913]
[332, 577, 11, 17, 'note', 'A', 0.913]
[400, 966, 11, 17, 'note', 'A', 0.913]
[414, 536, 11, 17, 'note', 'A', 0.913]
[43, 934, 11, 17, 'note', 'A', 0.913]
[299, 713, 11, 17, 'note', 'A', 0.913]
[394, 1062, 11, 17, 'note', 'A', 0.913]
[382, 1065, 11, 17, 'note', 'A', 0.913]
[336, 269, 11, 17, 'note', 'A', 0.913]
[334, 208, 11, 17, 'note', 'A', 0.913]
[398, 966, 11, 17, 'note', 'A', 0.913]
[62, 446, 11, 17, 'note', 'A', 0.913]
[318, 168, 11, 17, 'note', 'A', 0.913]
[330, 1124, 11, 17, 'note', 'A', 0.913]
[186, 519, 11, 17, 'note', 'A', 0.913]
[330, 576, 11, 17, 'note', 'A', 0.913]
[303, 714, 11, 17, 'note', 'A', 0.913]
[397, 496, 11, 17, 'note', 'A', 0.913]
[298, 578, 11, 17, 'note', 'A', 0.913]
[398, 366, 11, 17, 'note', 'A', 0.913]
[401, 790, 11, 17, 'note', 'A', 0.913]
[56, 292, 11, 17, 'note', 'A', 0.913]
[430, 151, 11, 17, 'note', 'A', 0.913]
[146, 1035, 11, 17, 'note', 'A', 0.913]
[309, 903, 11, 17, 'note', 'A', 0.913]
[433, 578, 11, 17, 'note', 'A', 0.913]
[70, 783, 11, 17, 'note', 'A', 0.913]
[76, 878, 11, 17, 'note', 'A', 0.913]
[328, 1125, 11, 17, 'note', 'A', 0.913]
[265, 714, 11, 17, 'note', 'A', 0.913]
[70, 782, 11, 17, 'note', 'A', 0.913]
[67, 629, 11, 17, 'note', 'A', 0.913]
[155, 1131, 11, 17, 'note', 'A', 0.913]
[145, 629, 11, 17, 'note', 'A', 0.913]
[154, 1132, 11, 17, 'note', 'A', 0.913]
[159, 218, 11, 17, 'note', 'A', 0.913]
[218, 1085, 11, 17, 'note', 'A', 0.913]
[128, 217, 11, 17, 'note', 'A', 0.913]
[416, 363, 11, 17, 'note', 'A', 0.913]
[127, 423, 11, 17, 'note', 'A', 0.913]
[77, 854, 11, 17, 'note', 'A', 0.913]
[400, 964, 11, 17, 'note', 'A', 0.913]
[430, 616, 11, 17, 'note', 'A', 0.913]
[41, 399, 11, 17, 'note', 'A', 0.913]
[399, 882, 11, 17, 'note', 'A', 0.913]
[286, 498, 11, 17, 'note', 'A', 0.913]
[60, 651, 11, 17, 'note', 'A', 0.913]
[412, 923, 11, 17, 'note', 'A', 0.913]
[324, 364, 11, 17, 'note', 'A', 0.913]
[122, 1035, 11, 17, 'note', 'A', 0.913]
[293, 859, 11, 17, 'note', 'A', 0.913]
[412, 1064, 11, 17, 'note', 'A', 0.913]
[161, 725, 11, 17, 'note', 'A', 0.913]
[43, 1154, 11, 17, 'note', 'A', 0.913]
[77, 934, 11, 17, 'note', 'A', 0.913]
[416, 189, 11, 17, 'note', 'A', 0.913]
[45, 1152, 11, 17, 'note', 'A', 0.913]
[140, 172, 11, 17, 'note', 'A', 0.913]
[413, 881, 11, 17, 'note', 'A', 0.913]
[331, 578, 11, 17, 'note', 'A', 0.913]
[429, 148, 11, 17, 'note', 'A', 0.913]
[55, 375, 11, 17, 'note', 'A', 0.913]
[57, 807, 11, 17, 'note', 'A', 0.913]
[301, 402, 11, 17, 'note', 'A', 0.913]
[394, 1024, 11, 17, 'note', 'A', 0.913]
[154, 1035, 11, 17, 'note', 'A', 0.913]
[69, 782, 11, 17, 'note', 'A', 0.913]
[299, 946, 11, 17, 'note', 'A', 0.913]
[380, 1142, 11, 17, 'note', 'A', 0.913]
[413, 1062, 11, 17, 'note', 'A', 0.913]
[447, 922, 11, 17, 'note', 'A', 0.913]
[79, 877, 11, 17, 'note', 'A', 0.913]
[432, 1021, 11, 17, 'note', 'A', 0.913]
[287, 494, 11, 17, 'note', 'A', 0.913]
[145, 1036, 11, 17, 'note', 'A', 0.913]
[143, 377, 11, 17, 'note', 'A', 0.913]
[307, 1156, 11, 17, 'note', 'A', 0.913]
[144, 830, 11, 17, 'note', 'A', 0.913]
[23, 472, 11, 17, 'note', 'A', 0.913]
[276, 963, 11, 17, 'note', 'A', 0.913]
[410, 1099, 11, 17, 'note', 'A', 0.913]
[78, 933, 11, 17, 'note', 'A', 0.913]
[314, 963, 11, 17, 'note', 'A', 0.913]
[159, 724, 11, 17, 'note', 'A', 0.913]
[401, 964, 11, 17, 'note', 'A', 0.913]
[72, 1033, 11, 17, 'note', 'A', 0.913]
[72, 1034, 11, 17, 'note', 'A', 0.913]
[38, 1111, 11, 17, 'note', 'A', 0.913]
[437, 965, 11, 17, 'note', 'A', 0.913]
[305, 399, 11, 17, 'note', 'A', 0.913]
[332, 424, 11, 17, 'note', 'A', 0.913]
[76, 854, 11, 17, 'note', 'A', 0.913]
[404, 190, 11, 17, 'note', 'A', 0.913]
[299, 553, 11, 17, 'note', 'A', 0.913]
[200, 267, 11, 17, 'note', 'A', 0.913]
[380, 191, 11, 17, 'note', 'A', 0.913]
[137, 987, 11, 17, 'note', 'A', 0.913]
[27, 517, 11, 17, 'note', 'A', 0.913]
[401, 712, 11, 17, 'note', 'A', 0.913]
[401, 789, 11, 17, 'note', 'A', 0.913]
[159, 829, 11, 17, 'note', 'A', 0.913]
[50, 674, 11, 17, 'note', 'A', 0.913]
[314, 516, 11, 17, 'note', 'A', 0.913]
[299, 715, 11, 17, 'note', 'A', 0.913]
[327, 149, 11, 17, 'note', 'A', 0.913]
[57, 292, 11, 17, 'note', 'A', 0.913]
[60, 1060, 11, 17, 'note', 'A', 0.913]
[328, 150, 11, 17, 'note', 'A', 0.913]
[402, 712, 11, 17, 'note', 'A', 0.913]
[220, 677, 11, 17, 'note', 'A', 0.913]
[329, 1125, 11, 17, 'note', 'A', 0.913]
[430, 1022, 11, 17, 'note', 'A', 0.913]
[379, 881, 11, 17, 'note', 'A', 0.913]
[272, 923, 11, 17, 'note', 'A', 0.913]
[387, 442, 11, 17, 'note', 'A', 0.913]
[200, 266, 11, 17, 'note', 'A', 0.913]
[142, 376, 11, 17, 'note', 'A', 0.913]
[334, 269, 11, 17, 'note', 'A', 0.913]
[143, 171, 11, 17, 'note', 'A', 0.913]
[142, 1132, 11, 17, 'note', 'A', 0.913]
[298, 984, 11, 17, 'note', 'A', 0.913]
[332, 554, 11, 17, 'note', 'A', 0.913]
[333, 576, 11, 17, 'note', 'A', 0.913]
[317, 172, 11, 17, 'note', 'A', 0.913]
[396, 267, 11, 17, 'note', 'A', 0.913]
[76, 1109, 11, 17, 'note', 'A', 0.913]
[78, 853, 11, 17, 'note', 'A', 0.913]
[144, 784, 11, 17, 'note', 'A', 0.913]
[38, 1109, 11, 17, 'note', 'A', 0.913]
[24, 471, 11, 17, 'note', 'A', 0.913]
[334, 555, 11, 17, 'note', 'A', 0.913]
[299, 555, 11, 17, 'note', 'A', 0.913]
[382, 1141, 11, 17, 'note', 'A', 0.913]
[400, 714, 11, 17, 'note', 'A', 0.913]
[221, 268, 11, 17, 'note', 'A', 0.913]
[426, 669, 11, 17, 'note', 'A', 0.913]
[160, 675, 11, 17, 'note', 'A', 0.913]
[51, 1084, 11, 17, 'note', 'A', 0.913]
[292, 861, 11, 17, 'note', 'A', 0.913]
[318, 172, 11, 17, 'note', 'A', 0.913]
[51, 541, 11, 17, 'note', 'A', 0.913]
[332, 229, 11, 17, 'note', 'A', 0.913]
[309, 926, 11, 17, 'note', 'A', 0.913]
[412, 751, 11, 17, 'note', 'A', 0.913]
[450, 402, 11, 17, 'note', 'A', 0.913]
[305, 776, 11, 17, 'note', 'A', 0.913]
[408, 1064, 11, 17, 'note', 'A', 0.913]
[272, 903, 11, 17, 'note', 'A', 0.913]
[327, 1125, 11, 17, 'note', 'A', 0.913]
[140, 937, 11, 17, 'note', 'A', 0.913]
[222, 268, 11, 17, 'note', 'A', 0.913]
[150, 423, 11, 17, 'note', 'A', 0.913]
[282, 1058, 11, 17, 'note', 'A', 0.913]
[279, 752, 11, 17, 'note', 'A', 0.913]
[397, 579, 11, 17, 'note', 'A', 0.913]
[156, 831, 11, 17, 'note', 'A', 0.913]
[435, 576, 11, 17, 'note', 'A', 0.913]
[143, 1035, 11, 17, 'note', 'A', 0.913]
[309, 189, 11, 17, 'note', 'A', 0.913]
[323, 363, 11, 17, 'note', 'A', 0.913]
[312, 459, 11, 17, 'note', 'A', 0.913]
[446, 924, 11, 17, 'note', 'A', 0.913]
[130, 724, 11, 17, 'note', 'A', 0.913]
[335, 228, 11, 17, 'note', 'A', 0.913]
[143, 170, 11, 17, 'note', 'A', 0.913]
[191, 1083, 11, 17, 'note', 'A', 0.913]
[380, 789, 11, 17, 'note', 'A', 0.913]
[414, 191, 11, 17, 'note', 'A', 0.913]
[329, 1124, 11, 17, 'note', 'A', 0.913]
[153, 1085, 11, 17, 'note', 'A', 0.913]
[450, 404, 11, 17, 'note', 'A', 0.913]
[50, 540, 11, 17, 'note', 'A', 0.913]
[175, 937, 11, 17, 'note', 'A', 0.913]
[315, 382, 11, 17, 'note', 'A', 0.913]
[413, 924, 11, 17, 'note', 'A', 0.913]
[402, 882, 11, 17, 'note', 'A', 0.913]
[411, 752, 11, 17, 'note', 'A', 0.913]
[393, 669, 11, 17, 'note', 'A', 0.913]
[198, 673, 11, 17, 'note', 'A', 0.913]
[293, 691, 11, 17, 'note', 'A', 0.913]
[43, 336, 11, 17, 'note', 'A', 0.913]
[411, 1098, 11, 17, 'note', 'A', 0.913]
[395, 1139, 11, 17, 'note', 'A', 0.913]
[396, 230, 11, 17, 'note', 'A', 0.913]
[56, 746, 11, 17, 'note', 'A', 0.913]
[162, 423, 11, 17, 'note', 'A', 0.913]
[447, 926, 11, 17, 'note', 'A', 0.913]
[385, 537, 11, 17, 'note', 'A', 0.913]
[448, 752, 11, 17, 'note', 'A', 0.913]
[60, 743, 11, 17, 'note', 'A', 0.913]
[290, 862, 11, 17, 'note', 'A', 0.913]
[430, 232, 11, 17, 'note', 'A', 0.913]
[287, 364, 11, 17, 'note', 'A', 0.913]
[431, 229, 11, 17, 'note', 'A', 0.913]
[143, 1133, 11, 17, 'note', 'A', 0.913]
[411, 1140, 11, 17, 'note', 'A', 0.913]
[414, 404, 11, 17, 'note', 'A', 0.913]
[428, 842, 11, 17, 'note', 'A', 0.913]
[196, 672, 11, 17, 'note', 'A', 0.913]
[382, 1140, 11, 17, 'note', 'A', 0.913]
[331, 424, 11, 17, 'note', 'A', 0.913]
[301, 944, 11, 17, 'note', 'A', 0.913]
[313, 516, 11, 17, 'note', 'A', 0.913]
[46, 830, 11, 17, 'note', 'A', 0.913]
[431, 615, 11, 17, 'note', 'A', 0.913]
[333, 269, 11, 17, 'note', 'A', 0.913]
[412, 366, 11, 17, 'note', 'A', 0.913]
[42, 1154, 11, 17, 'note', 'A', 0.913]
[434, 577, 11, 17, 'note', 'A', 0.913]
[300, 1100, 11, 17, 'note', 'A', 0.913]
[157, 832, 11, 17, 'note', 'A', 0.913]
[386, 365, 11, 17, 'note', 'A', 0.913]
[307, 843, 11, 17, 'note', 'A', 0.913]
[397, 615, 11, 17, 'note', 'A', 0.913]
[322, 363, 11, 17, 'note', 'A', 0.913]
[144, 578, 11, 17, 'note', 'A', 0.913]
[177, 169, 11, 17, 'note', 'A', 0.913]
[446, 925, 11, 17, 'note', 'A', 0.913]
[156, 1131, 11, 17, 'note', 'A', 0.913]
[312, 461, 11, 17, 'note', 'A', 0.913]
[412, 789, 11, 17, 'note', 'A', 0.913]
[56, 808, 11, 17, 'note', 'A', 0.913]
[163, 218, 11, 17, 'note', 'A', 0.913]
[414, 789, 11, 17, 'note', 'A', 0.913]
[288, 494, 11, 17, 'note', 'A', 0.913]
[306, 778, 11, 17, 'note', 'A', 0.913]
[48, 675, 11, 17, 'note', 'A', 0.913]
[394, 841, 11, 17, 'note', 'A', 0.913]
[326, 1126, 11, 17, 'note', 'A', 0.913]
[426, 323, 11, 17, 'note', 'A', 0.913]
[397, 497, 11, 17, 'note', 'A', 0.913]
[60, 605, 11, 17, 'note', 'A', 0.913]
[274, 903, 11, 17, 'note', 'A', 0.913]
[79, 934, 11, 17, 'note', 'A', 0.913]
[316, 962, 11, 17, 'note', 'A', 0.913]
[386, 364, 11, 17, 'note', 'A', 0.913]
[398, 444, 11, 17, 'note', 'A', 0.913]
[381, 190, 11, 17, 'note', 'A', 0.913]
[70, 628, 11, 17, 'note', 'A', 0.913]
[145, 626, 11, 17, 'note', 'A', 0.913]
[143, 879, 11, 17, 'note', 'A', 0.913]
[265, 711, 11, 17, 'note', 'A', 0.913]
[277, 883, 11, 17, 'note', 'A', 0.913]
[27, 518, 11, 17, 'note', 'A', 0.913]
[141, 879, 11, 17, 'note', 'A', 0.913]
[297, 557, 11, 17, 'note', 'A', 0.913]
[394, 230, 11, 17, 'note', 'A', 0.913]
[141, 377, 11, 17, 'note', 'A', 0.913]
[75, 936, 11, 17, 'note', 'A', 0.913]
[177, 376, 11, 17, 'note', 'A', 0.913]
[277, 964, 11, 17, 'note', 'A', 0.913]
[316, 965, 11, 17, 'note', 'A', 0.913]
[186, 521, 11, 17, 'note', 'A', 0.913]
[30, 783, 11, 17, 'note', 'A', 0.913]
[386, 537, 11, 17, 'note', 'A', 0.913]
[412, 882, 11, 17, 'note', 'A', 0.913]
[130, 726, 11, 17, 'note', 'A', 0.913]
[413, 789, 11, 17, 'note', 'A', 0.913]
[308, 189, 11, 17, 'note', 'A', 0.913]
[387, 443, 11, 17, 'note', 'A', 0.913]
[293, 860, 11, 17, 'note', 'A', 0.913]
[164, 266, 11, 17, 'note', 'A', 0.913]
[277, 881, 11, 17, 'note', 'A', 0.913]
[428, 232, 11, 17, 'note', 'A', 0.913]
[22, 471, 11, 17, 'note', 'A', 0.913]
[307, 1082, 11, 17, 'note', 'A', 0.913]
[301, 536, 11, 17, 'note', 'A', 0.913]
[429, 229, 11, 17, 'note', 'A', 0.913]
[416, 402, 11, 17, 'note', 'A', 0.913]
[120, 1133, 11, 17, 'note', 'A', 0.913]
[449, 924, 11, 17, 'note', 'A', 0.913]
[314, 381, 11, 17, 'note', 'A', 0.913]
[412, 1099, 11, 17, 'note', 'A', 0.913]
[198, 268, 11, 17, 'note', 'A', 0.913]
[308, 249, 11, 17, 'note', 'A', 0.913]
[80, 701, 11, 17, 'note', 'A', 0.913]
[393, 841, 11, 17, 'note', 'A', 0.913]
[324, 363, 11, 17, 'note', 'A', 0.913]
[334, 230, 11, 17, 'note', 'A', 0.913]
[156, 832, 11, 17, 'note', 'A', 0.913]
[327, 1126, 11, 17, 'note', 'A', 0.913]
[386, 324, 11, 17, 'note', 'A', 0.913]
[71, 626, 11, 17, 'note', 'A', 0.913]
[394, 669, 11, 17, 'note', 'A', 0.913]
[435, 963, 11, 17, 'note', 'A', 0.913]
[79, 853, 11, 17, 'note', 'A', 0.913]
[410, 1141, 11, 17, 'note', 'A', 0.913]
[274, 901, 11, 17, 'note', 'A', 0.913]
[60, 744, 11, 17, 'note', 'A', 0.913]
[27, 423, 11, 17, 'note', 'A', 0.913]
[198, 474, 11, 17, 'note', 'A', 0.913]
[12, 215, 11, 17, 'note', 'A', 0.913]
[299, 945, 11, 17, 'note', 'A', 0.913]
[44, 1152, 11, 17, 'note', 'A', 0.913]
[410, 1063, 11, 17, 'note', 'A', 0.913]
[401, 881, 11, 17, 'note', 'A', 0.913]
[32, 781, 11, 17, 'note', 'A', 0.913]
[394, 1139, 11, 17, 'note', 'A', 0.913]
[433, 616, 11, 17, 'note', 'A', 0.913]
[67, 518, 11, 17, 'note', 'A', 0.913]
[407, 1142, 11, 17, 'note', 'A', 0.913]
[429, 269, 11, 17, 'note', 'A', 0.913]
[411, 924, 11, 17, 'note', 'A', 0.913]
[414, 190, 11, 17, 'note', 'A', 0.913]
[416, 190, 11, 17, 'note', 'A', 0.913]
[145, 577, 11, 17, 'note', 'A', 0.913]
[163, 216, 11, 17, 'note', 'A', 0.913]
[161, 724, 11, 17, 'note', 'A', 0.913]
[385, 443, 11, 17, 'note', 'A', 0.913]
[278, 881, 11, 17, 'note', 'A', 0.913]
[142, 783, 11, 17, 'note', 'A', 0.913]
[299, 620, 11, 17, 'note', 'A', 0.913]
[141, 935, 11, 17, 'note', 'A', 0.913]
[392, 842, 11, 17, 'note', 'A', 0.913]
[58, 745, 11, 17, 'note', 'A', 0.913]
[426, 670, 11, 17, 'note', 'A', 0.913]
[399, 365, 11, 17, 'note', 'A', 0.913]
[393, 671, 11, 17, 'note', 'A', 0.913]
[331, 621, 11, 17, 'note', 'A', 0.913]
[399, 578, 11, 17, 'note', 'A', 0.913]
[69, 627, 11, 17, 'note', 'A', 0.913]
[150, 424, 11, 17, 'note', 'A', 0.913]
[175, 377, 11, 17, 'note', 'A', 0.913]
[217, 1083, 11, 17, 'note', 'A', 0.913]
[216, 1084, 11, 17, 'note', 'A', 0.913]
[156, 1035, 11, 17, 'note', 'A', 0.913]
[160, 830, 11, 17, 'note', 'A', 0.913]
[305, 401, 11, 17, 'note', 'A', 0.913]
[312, 384, 11, 17, 'note', 'A', 0.913]
[309, 250, 11, 17, 'note', 'A', 0.913]
[328, 147, 11, 17, 'note', 'A', 0.913]
[336, 268, 11, 17, 'note', 'A', 0.913]
[196, 475, 11, 17, 'note', 'A', 0.913]
[304, 713, 11, 17, 'note', 'A', 0.913]
[192, 1082, 11, 17, 'note', 'A', 0.913]
[448, 750, 11, 17, 'note', 'A', 0.913]
[451, 401, 11, 17, 'note', 'A', 0.913]
[379, 882, 11, 17, 'note', 'A', 0.913]
[30, 784, 11, 17, 'note', 'A', 0.913]
[303, 711, 11, 17, 'note', 'A', 0.913]
[402, 191, 11, 17, 'note', 'A', 0.913]
[308, 1081, 11, 17, 'note', 'A', 0.913]
[400, 881, 11, 17, 'note', 'A', 0.913]
[430, 148, 11, 17, 'note', 'A', 0.913]
[150, 219, 11, 17, 'note', 'A', 0.913]
[151, 218, 11, 17, 'note', 'A', 0.913]
[296, 576, 11, 17, 'note', 'A', 0.913]
[44, 703, 11, 17, 'note', 'A', 0.913]
[160, 726, 11, 17, 'note', 'A', 0.913]
[141, 172, 11, 17, 'note', 'A', 0.913]
[155, 1035, 11, 17, 'note', 'A', 0.913]
[273, 925, 11, 17, 'note', 'A', 0.913]
[216, 1085, 11, 17, 'note', 'A', 0.913]
[301, 535, 11, 17, 'note', 'A', 0.913]
[121, 1036, 11, 17, 'note', 'A', 0.913]
[436, 966, 11, 17, 'note', 'A', 0.913]
[161, 218, 11, 17, 'note', 'A', 0.913]
[307, 1081, 11, 17, 'note', 'A', 0.913]
[311, 462, 11, 17, 'note', 'A', 0.913]
[399, 495, 11, 17, 'note', 'A', 0.913]
[42, 852, 11, 17, 'note', 'A', 0.913]
[157, 1035, 11, 17, 'note', 'A', 0.913]
[143, 376, 11, 17, 'note', 'A', 0.913]
[162, 268, 11, 17, 'note', 'A', 0.913]
[41, 1109, 11, 17, 'note', 'A', 0.913]
[160, 218, 11, 17, 'note', 'A', 0.913]
[409, 1142, 11, 17, 'note', 'A', 0.913]
[23, 469, 11, 17, 'note', 'A', 0.913]
[309, 188, 11, 17, 'note', 'A', 0.913]
[400, 884, 11, 17, 'note', 'A', 0.913]
[121, 1035, 11, 17, 'note', 'A', 0.913]
[314, 459, 11, 17, 'note', 'A', 0.913]
[449, 922, 11, 17, 'note', 'A', 0.913]
[287, 362, 11, 17, 'note', 'A', 0.913]
[395, 268, 11, 17, 'note', 'A', 0.913]
[40, 934, 11, 17, 'note', 'A', 0.913]
[292, 1124, 11, 17, 'note', 'A', 0.913]
[399, 535, 11, 17, 'note', 'A', 0.913]
[146, 577, 11, 17, 'note', 'A', 0.913]
[142, 877, 11, 17, 'note', 'A', 0.913]
[142, 937, 11, 17, 'note', 'A', 0.913]
[428, 668, 11, 17, 'note', 'A', 0.913]
[311, 924, 11, 17, 'note', 'A', 0.913]
[396, 1063, 11, 17, 'note', 'A', 0.913]
[275, 964, 11, 17, 'note', 'A', 0.913]
[24, 447, 11, 17, 'note', 'A', 0.913]
[410, 790, 11, 17, 'note', 'A', 0.913]
[445, 1099, 11, 17, 'note', 'A', 0.913]
[172, 986, 11, 17, 'note', 'A', 0.913]
[198, 267, 11, 17, 'note', 'A', 0.913]
[396, 229, 11, 17, 'note', 'A', 0.913]
[44, 1153, 11, 17, 'note', 'A', 0.913]
[13, 215, 11, 17, 'note', 'A', 0.913]
[434, 615, 11, 17, 'note', 'A', 0.913]
[49, 541, 11, 17, 'note', 'A', 0.913]
[218, 1084, 11, 17, 'note', 'A', 0.913]
[308, 925, 11, 17, 'note', 'A', 0.913]
[386, 326, 11, 17, 'note', 'A', 0.913]
[33, 626, 11, 17, 'note', 'A', 0.913]
[304, 400, 11, 17, 'note', 'A', 0.913]
[68, 784, 11, 17, 'note', 'A', 0.913]
[392, 843, 11, 17, 'note', 'A', 0.913]
[311, 517, 11, 17, 'note', 'A', 0.913]
[290, 861, 11, 17, 'note', 'A', 0.913]
[195, 673, 11, 17, 'note', 'A', 0.913]
[426, 324, 11, 17, 'note', 'A', 0.913]
[385, 536, 11, 17, 'note', 'A', 0.913]
[41, 853, 11, 17, 'note', 'A', 0.913]
[171, 986, 11, 17, 'note', 'A', 0.913]
[428, 230, 11, 17, 'note', 'A', 0.913]
[383, 1064, 11, 17, 'note', 'A', 0.913]
[430, 1023, 11, 17, 'note', 'A', 0.913]
[330, 555, 11, 17, 'note', 'A', 0.913]
[144, 783, 11, 17, 'note', 'A', 0.913]
[397, 536, 11, 17, 'note', 'A', 0.913]
[395, 1141, 11, 17, 'note', 'A', 0.913]
[396, 1062, 11, 17, 'note', 'A', 0.913]
[330, 148, 11, 17, 'note', 'A', 0.913]
[306, 1157, 11, 17, 'note', 'A', 0.913]
[330, 147, 11, 17, 'note', 'A', 0.913]
[400, 713, 11, 17, 'note', 'A', 0.913]
[57, 746, 11, 17, 'note', 'A', 0.913]
[400, 789, 11, 17, 'note', 'A', 0.913]
[51, 540, 11, 17, 'note', 'A', 0.913]
[305, 777, 11, 17, 'note', 'A', 0.913]
[28, 422, 11, 17, 'note', 'A', 0.913]
[304, 712, 11, 17, 'note', 'A', 0.913]
[452, 401, 11, 17, 'note', 'A', 0.913]
[423, 324, 11, 17, 'note', 'A', 0.913]
[157, 726, 11, 17, 'note', 'A', 0.913]
[298, 553, 11, 17, 'note', 'A', 0.913]
[50, 1085, 11, 17, 'note', 'A', 0.913]
[299, 1099, 11, 17, 'note', 'A', 0.913]
[142, 170, 11, 17, 'note', 'A', 0.913]
[310, 925, 11, 17, 'note', 'A', 0.913]
[298, 228, 11, 17, 'note', 'A', 0.913]
[434, 614, 11, 17, 'note', 'A', 0.913]
[300, 229, 11, 17, 'note', 'A', 0.913]
[416, 364, 11, 17, 'note', 'A', 0.913]
[325, 363, 11, 17, 'note', 'A', 0.913]
[291, 860, 11, 17, 'note', 'A', 0.913]
[77, 703, 11, 17, 'note', 'A', 0.913]
[394, 670, 11, 17, 'note', 'A', 0.913]
[315, 381, 11, 17, 'note', 'A', 0.913]
[332, 576, 11, 17, 'note', 'A', 0.913]
[193, 1084, 11, 17, 'note', 'A', 0.913]
[431, 1023, 11, 17, 'note', 'A', 0.913]
[399, 496, 11, 17, 'note', 'A', 0.913]
[283, 1061, 11, 17, 'note', 'A', 0.913]
[296, 557, 11, 17, 'note', 'A', 0.913]
[184, 520, 11, 17, 'note', 'A', 0.913]
[309, 1081, 11, 17, 'note', 'A', 0.913]
[311, 384, 11, 17, 'note', 'A', 0.913]
[142, 1133, 11, 17, 'note', 'A', 0.913]
[23, 448, 11, 17, 'note', 'A', 0.913]
[285, 363, 11, 17, 'note', 'A', 0.913]
[32, 629, 11, 17, 'note', 'A', 0.913]
[312, 382, 11, 17, 'note', 'A', 0.913]
[160, 473, 11, 17, 'note', 'A', 0.913]
[299, 209, 11, 17, 'note', 'A', 0.913]
[432, 578, 11, 17, 'note', 'A', 0.913]
[334, 554, 11, 17, 'note', 'A', 0.913]
[56, 807, 11, 17, 'note', 'A', 0.913]
[432, 616, 11, 17, 'note', 'A', 0.913]
[399, 536, 11, 17, 'note', 'A', 0.913]
[32, 628, 11, 17, 'note', 'A', 0.913]
[425, 323, 11, 17, 'note', 'A', 0.913]
[398, 443, 11, 17, 'note', 'A', 0.913]
[278, 882, 11, 17, 'note', 'A', 0.913]
[403, 190, 11, 17, 'note', 'A', 0.913]
[150, 315, 11, 17, 'note', 'A', 0.913]
[414, 366, 11, 17, 'note', 'A', 0.913]
[42, 1153, 11, 17, 'note', 'A', 0.913]
[415, 190, 11, 17, 'note', 'A', 0.913]
[162, 266, 11, 17, 'note', 'A', 0.913]
[431, 230, 11, 17, 'note', 'A', 0.913]
[320, 170, 11, 17, 'note', 'A', 0.913]
[385, 444, 11, 17, 'note', 'A', 0.913]
[34, 626, 11, 17, 'note', 'A', 0.913]
[287, 363, 11, 17, 'note', 'A', 0.913]
[298, 575, 11, 17, 'note', 'A', 0.913]
[378, 790, 11, 17, 'note', 'A', 0.913]
[142, 832, 11, 17, 'note', 'A', 0.913]
[399, 883, 11, 17, 'note', 'A', 0.913]
[298, 210, 11, 17, 'note', 'A', 0.913]
[330, 556, 11, 17, 'note', 'A', 0.913]
[296, 1100, 11, 17, 'note', 'A', 0.913]
[378, 882, 11, 17, 'note', 'A', 0.913]
[292, 860, 11, 17, 'note', 'A', 0.913]
[429, 1023, 11, 17, 'note', 'A', 0.913]
[306, 1156, 11, 17, 'note', 'A', 0.913]
[24, 469, 11, 17, 'note', 'A', 0.913]
[298, 618, 11, 17, 'note', 'A', 0.913]
[299, 1100, 11, 17, 'note', 'A', 0.913]
[24, 470, 11, 17, 'note', 'A', 0.913]
[430, 268, 11, 17, 'note', 'A', 0.913]
[452, 403, 11, 17, 'note', 'A', 0.913]
[300, 1099, 11, 17, 'note', 'A', 0.913]
[69, 783, 11, 17, 'note', 'A', 0.913]
[299, 619, 11, 17, 'note', 'A', 0.913]
[274, 902, 11, 17, 'note', 'A', 0.913]
[450, 403, 11, 17, 'note', 'A', 0.913]
[66, 519, 11, 17, 'note', 'A', 0.913]
[293, 1125, 11, 17, 'note', 'A', 0.913]
[73, 1111, 11, 17, 'note', 'A', 0.913]
[410, 1140, 11, 17, 'note', 'A', 0.913]
[309, 1080, 11, 17, 'note', 'A', 0.913]
[407, 1101, 11, 17, 'note', 'A', 0.913]
[75, 935, 11, 17, 'note', 'A', 0.913]
[281, 1061, 11, 17, 'note', 'A', 0.913]
[143, 1132, 11, 17, 'note', 'A', 0.913]
[446, 1098, 11, 17, 'note', 'A', 0.913]
[394, 1023, 11, 17, 'note', 'A', 0.913]
[322, 365, 11, 17, 'note', 'A', 0.913]
[149, 218, 11, 17, 'note', 'A', 0.913]
[39, 1108, 11, 17, 'note', 'A', 0.913]
[57, 745, 11, 17, 'note', 'A', 0.913]
[393, 843, 11, 17, 'note', 'A', 0.913]
[299, 554, 11, 17, 'note', 'A', 0.913]
[412, 790, 11, 17, 'note', 'A', 0.913]
[425, 325, 11, 17, 'note', 'A', 0.913]
[144, 629, 11, 17, 'note', 'A', 0.913]
[193, 1082, 11, 17, 'note', 'A', 0.913]
[300, 228, 11, 17, 'note', 'A', 0.913]
[298, 945, 11, 17, 'note', 'A', 0.913]
[401, 965, 11, 17, 'note', 'A', 0.913]
[159, 473, 11, 17, 'note', 'A', 0.913]
[387, 323, 11, 17, 'note', 'A', 0.913]
[323, 364, 11, 17, 'note', 'A', 0.913]
[394, 842, 11, 17, 'note', 'A', 0.913]
[427, 668, 11, 17, 'note', 'A', 0.913]
[175, 170, 11, 17, 'note', 'A', 0.913]
[433, 576, 11, 17, 'note', 'A', 0.913]
[388, 325, 11, 17, 'note', 'A', 0.913]
[388, 323, 11, 17, 'note', 'A', 0.913]
[297, 1100, 11, 17, 'note', 'A', 0.913]
[414, 881, 11, 17, 'note', 'A', 0.913]
[399, 966, 11, 17, 'note', 'A', 0.913]
[310, 1080, 11, 17, 'note', 'A', 0.913]
[176, 376, 11, 17, 'note', 'A', 0.913]
[398, 364, 11, 17, 'note', 'A', 0.913]
[330, 577, 11, 17, 'note', 'A', 0.913]
[414, 402, 11, 17, 'note', 'A', 0.913]
[305, 400, 11, 17, 'note', 'A', 0.913]
[127, 424, 11, 17, 'note', 'A', 0.913]
[186, 520, 11, 17, 'note', 'A', 0.913]
[191, 1085, 11, 17, 'note', 'A', 0.913]
[437, 963, 11, 17, 'note', 'A', 0.913]
[74, 1110, 11, 17, 'note', 'A', 0.913]
[435, 966, 11, 17, 'note', 'A', 0.913]
[447, 1098, 11, 17, 'note', 'A', 0.913]
[146, 579, 11, 17, 'note', 'A', 0.913]
[298, 424, 11, 17, 'note', 'A', 0.913]
[398, 537, 11, 17, 'note', 'A', 0.913]
[449, 923, 11, 17, 'note', 'A', 0.913]
[332, 270, 11, 17, 'note', 'A', 0.913]
[143, 829, 11, 17, 'note', 'A', 0.913]
[434, 576, 11, 17, 'note', 'A', 0.913]
[409, 1140, 11, 17, 'note', 'A', 0.913]
[298, 269, 11, 17, 'note', 'A', 0.913]
[281, 1060, 11, 17, 'note', 'A', 0.913]
[397, 617, 11, 17, 'note', 'A', 0.913]
[414, 364, 11, 17, 'note', 'A', 0.913]
[334, 228, 11, 17, 'note', 'A', 0.913]
[450, 751, 11, 17, 'note', 'A', 0.913]
[286, 362, 11, 17, 'note', 'A', 0.913]
[415, 403, 11, 17, 'note', 'A', 0.913]
[411, 790, 11, 17, 'note', 'A', 0.913]
[50, 541, 11, 17, 'note', 'A', 0.913]
[399, 364, 11, 17, 'note', 'A', 0.913]
[428, 669, 11, 17, 'note', 'A', 0.913]
[176, 173, 11, 17, 'note', 'A', 0.913]
[71, 1033, 11, 17, 'note', 'A', 0.913]
[394, 1142, 11, 17, 'note', 'A', 0.913]
[313, 459, 11, 17, 'note', 'A', 0.913]
[298, 423, 11, 17, 'note', 'A', 0.913]
[427, 843, 11, 17, 'note', 'A', 0.913]
[76, 935, 11, 17, 'note', 'A', 0.913]
[297, 1101, 11, 17, 'note', 'A', 0.913]
[293, 1124, 11, 17, 'note', 'A', 0.913]
[275, 965, 11, 17, 'note', 'A', 0.913]
[432, 577, 11, 17, 'note', 'A', 0.913]
[333, 555, 11, 17, 'note', 'A', 0.913]
[41, 1108, 11, 17, 'note', 'A', 0.913]
[67, 783, 11, 17, 'note', 'A', 0.913]
[197, 475, 11, 17, 'note', 'A', 0.913]
[143, 1036, 11, 17, 'note', 'A', 0.913]
[298, 231, 11, 17, 'note', 'A', 0.913]
[299, 208, 11, 17, 'note', 'A', 0.913]
[308, 775, 11, 17, 'note', 'A', 0.913]
[130, 725, 11, 17, 'note', 'A', 0.913]
[13, 216, 11, 17, 'note', 'A', 0.913]
[273, 902, 11, 17, 'note', 'A', 0.913]
[433, 614, 11, 17, 'note', 'A', 0.913]
[331, 576, 11, 17, 'note', 'A', 0.913]
[401, 713, 11, 17, 'note', 'A', 0.913]
[43, 852, 11, 17, 'note', 'A', 0.913]
[195, 676, 11, 17, 'note', 'A', 0.913]
[286, 365, 11, 17, 'note', 'A', 0.913]
[314, 382, 11, 17, 'note', 'A', 0.913]
[79, 701, 11, 17, 'note', 'A', 0.913]
[151, 217, 11, 17, 'note', 'A', 0.913]
[38, 1110, 11, 17, 'note', 'A', 0.913]
[43, 1153, 11, 17, 'note', 'A', 0.913]
[172, 987, 11, 17, 'note', 'A', 0.913]
[445, 1101, 11, 17, 'note', 'A', 0.913]
[127, 217, 11, 17, 'note', 'A', 0.913]
[67, 516, 11, 17, 'note', 'A', 0.913]
[43, 703, 11, 17, 'note', 'A', 0.913]
[325, 362, 11, 17, 'note', 'A', 0.913]
[397, 1021, 11, 17, 'note', 'A', 0.913]
[157, 831, 11, 17, 'note', 'A', 0.913]
[56, 376, 11, 17, 'note', 'A', 0.913]
[39, 1111, 11, 17, 'note', 'A', 0.913]
[410, 1100, 11, 17, 'note', 'A', 0.913]
[41, 854, 11, 17, 'note', 'A', 0.913]
[401, 883, 11, 17, 'note', 'A', 0.913]
[197, 672, 11, 17, 'note', 'A', 0.913]
[77, 935, 11, 17, 'note', 'A', 0.913]
[395, 229, 11, 17, 'note', 'A', 0.913]
[288, 496, 11, 17, 'note', 'A', 0.913]
[32, 783, 11, 17, 'note', 'A', 0.913]
[320, 168, 11, 17, 'note', 'A', 0.913]
[395, 267, 11, 17, 'note', 'A', 0.913]
[44, 701, 11, 17, 'note', 'A', 0.913]
[395, 1021, 11, 17, 'note', 'A', 0.913]
[415, 365, 11, 17, 'note', 'A', 0.913]
[398, 495, 11, 17, 'note', 'A', 0.913]
[298, 208, 11, 17, 'note', 'A', 0.913]
[265, 712, 11, 17, 'note', 'A', 0.913]
[32, 782, 11, 17, 'note', 'A', 0.913]
[450, 749, 11, 17, 'note', 'A', 0.913]
[383, 1062, 11, 17, 'note', 'A', 0.913]
[297, 622, 11, 17, 'note', 'A', 0.913]
[394, 1063, 11, 17, 'note', 'A', 0.913]
[305, 843, 11, 17, 'note', 'A', 0.913]
[12, 217, 11, 17, 'note', 'A', 0.913]
[299, 714, 11, 17, 'note', 'A', 0.913]
[27, 422, 11, 17, 'note', 'A', 0.913]
[142, 377, 11, 17, 'note', 'A', 0.913]
[433, 577, 11, 17, 'note', 'A', 0.913]
[424, 324, 11, 17, 'note', 'A', 0.913]
[273, 923, 11, 17, 'note', 'A', 0.913]
[333, 554, 11, 17, 'note', 'A', 0.913]
[312, 924, 11, 17, 'note', 'A', 0.913]
[432, 615, 11, 17, 'note', 'A', 0.913]
[199, 266, 11, 17, 'note', 'A', 0.913]
[319, 171, 11, 17, 'note', 'A', 0.913]
[22, 446, 11, 17, 'note', 'A', 0.913]
[449, 749, 11, 17, 'note', 'A', 0.913]
[394, 1064, 11, 17, 'note', 'A', 0.913]
[34, 628, 11, 17, 'note', 'A', 0.913]
[67, 784, 11, 17, 'note', 'A', 0.913]
[397, 1022, 11, 17, 'note', 'A', 0.913]
[386, 535, 11, 17, 'note', 'A', 0.913]
[413, 366, 11, 17, 'note', 'A', 0.913]
[382, 1062, 11, 17, 'note', 'A', 0.913]
[331, 556, 11, 17, 'note', 'A', 0.913]
[160, 724, 11, 17, 'note', 'A', 0.913]
[424, 325, 11, 17, 'note', 'A', 0.913]
[184, 522, 11, 17, 'note', 'A', 0.913]
[291, 861, 11, 17, 'note', 'A', 0.913]
[386, 325, 11, 17, 'note', 'A', 0.913]
[298, 270, 11, 17, 'note', 'A', 0.913]
[398, 365, 11, 17, 'note', 'A', 0.913]
[304, 401, 11, 17, 'note', 'A', 0.913]
[158, 726, 11, 17, 'note', 'A', 0.913]
[198, 472, 11, 17, 'note', 'A', 0.913]
[411, 1062, 11, 17, 'note', 'A', 0.913]
[431, 616, 11, 17, 'note', 'A', 0.913]
[292, 1126, 11, 17, 'note', 'A', 0.913]
[288, 495, 11, 17, 'note', 'A', 0.913]
[24, 445, 11, 17, 'note', 'A', 0.913]
[56, 374, 11, 17, 'note', 'A', 0.913]
[332, 230, 11, 17, 'note', 'A', 0.913]
[70, 627, 11, 17, 'note', 'A', 0.913]
[308, 776, 11, 17, 'note', 'A', 0.913]
[414, 882, 11, 17, 'note', 'A', 0.913]
[185, 522, 11, 17, 'note', 'A', 0.913]
[192, 1085, 11, 17, 'note', 'A', 0.913]
[131, 627, 11, 17, 'note', 'A', 0.913]
[70, 1034, 11, 17, 'note', 'A', 0.913]
[413, 365, 11, 17, 'note', 'A', 0.913]
[298, 985, 11, 17, 'note', 'A', 0.913]
[158, 831, 11, 17, 'note', 'A', 0.913]
[449, 752, 11, 17, 'note', 'A', 0.913]
[69, 628, 11, 17, 'note', 'A', 0.913]
[410, 1064, 11, 17, 'note', 'A', 0.913]
[170, 987, 11, 17, 'note', 'A', 0.913]
[196, 473, 11, 17, 'note', 'A', 0.913]
[127, 218, 11, 17, 'note', 'A', 0.913]
[143, 785, 11, 17, 'note', 'A', 0.913]
[265, 713, 11, 17, 'note', 'A', 0.913]
[144, 580, 11, 17, 'note', 'A', 0.913]
[398, 575, 11, 17, 'note', 'A', 0.913]
[311, 383, 11, 17, 'note', 'A', 0.913]
[437, 964, 11, 17, 'note', 'A', 0.913]
[146, 578, 11, 17, 'note', 'A', 0.913]
[68, 629, 11, 17, 'note', 'A', 0.913]
[71, 627, 11, 17, 'note', 'A', 0.913]
[177, 172, 11, 17, 'note', 'A', 0.913]
[199, 268, 11, 17, 'note', 'A', 0.913]
[428, 267, 11, 17, 'note', 'A', 0.913]
[41, 933, 11, 17, 'note', 'A', 0.913]
[143, 877, 11, 17, 'note', 'A', 0.913]
[313, 382, 11, 17, 'note', 'A', 0.913]
[451, 404, 11, 17, 'note', 'A', 0.913]
[413, 882, 11, 17, 'note', 'A', 0.913]
[428, 149, 11, 17, 'note', 'A', 0.913]
[403, 191, 11, 17, 'note', 'A', 0.913]
[393, 670, 11, 17, 'note', 'A', 0.913]
[313, 460, 11, 17, 'note', 'A', 0.913]
[296, 578, 11, 17, 'note', 'A', 0.913]
[409, 1064, 11, 17, 'note', 'A', 0.913]
[313, 383, 11, 17, 'note', 'A', 0.913]
[145, 1035, 11, 17, 'note', 'A', 0.913]
[298, 946, 11, 17, 'note', 'A', 0.913]
[286, 496, 11, 17, 'note', 'A', 0.913]
[428, 231, 11, 17, 'note', 'A', 0.913]
[141, 171, 11, 17, 'note', 'A', 0.913]
[264, 712, 11, 17, 'note', 'A', 0.913]
[415, 402, 11, 17, 'note', 'A', 0.913]
[423, 326, 11, 17, 'note', 'A', 0.913]
[333, 229, 11, 17, 'note', 'A', 0.913]
[332, 555, 11, 17, 'note', 'A', 0.913]
[399, 575, 11, 17, 'note', 'A', 0.913]
[428, 268, 11, 17, 'note', 'A', 0.913]
[317, 171, 11, 17, 'note', 'A', 0.913]
[160, 725, 11, 17, 'note', 'A', 0.913]
[120, 1132, 11, 17, 'note', 'A', 0.913]
[296, 622, 11, 17, 'note', 'A', 0.913]
[78, 935, 11, 17, 'note', 'A', 0.913]
[159, 725, 11, 17, 'note', 'A', 0.913]
[381, 1140, 11, 17, 'note', 'A', 0.913]
[131, 629, 11, 17, 'note', 'A', 0.913]
[40, 936, 11, 17, 'note', 'A', 0.913]
[412, 1062, 11, 17, 'note', 'A', 0.913]
[397, 576, 11, 17, 'note', 'A', 0.913]
[193, 1083, 11, 17, 'note', 'A', 0.913]
[379, 789, 11, 17, 'note', 'A', 0.913]
[317, 170, 11, 17, 'note', 'A', 0.913]
[57, 375, 11, 17, 'note', 'A', 0.913]
[415, 364, 11, 17, 'note', 'A', 0.913]
[23, 445, 11, 17, 'note', 'A', 0.913]
[333, 270, 11, 17, 'note', 'A', 0.913]
[144, 627, 11, 17, 'note', 'A', 0.913]
[159, 726, 11, 17, 'note', 'A', 0.913]
[273, 924, 11, 17, 'note', 'A', 0.913]
[176, 377, 11, 17, 'note', 'A', 0.913]
[306, 775, 11, 17, 'note', 'A', 0.913]
[51, 1082, 11, 17, 'note', 'A', 0.913]
[300, 715, 11, 17, 'note', 'A', 0.913]
[431, 1022, 11, 17, 'note', 'A', 0.913]
[298, 556, 11, 17, 'note', 'A', 0.913]
[395, 1140, 11, 17, 'note', 'A', 0.913]
[79, 702, 11, 17, 'note', 'A', 0.913]
[432, 1022, 11, 17, 'note', 'A', 0.913]
[142, 935, 11, 17, 'note', 'A', 0.913]
[312, 923, 11, 17, 'note', 'A', 0.913]
[409, 1101, 11, 17, 'note', 'A', 0.913]
[198, 473, 11, 17, 'note', 'A', 0.913]
[422, 325, 11, 17, 'note', 'A', 0.913]
[387, 326, 11, 17, 'note', 'A', 0.913]
[170, 988, 11, 17, 'note', 'A', 0.913]
[310, 924, 11, 17, 'note', 'A', 0.913]
[142, 785, 11, 17, 'note', 'A', 0.913]
[272, 925, 11, 17, 'note', 'A', 0.913]
[333, 230, 11, 17, 'note', 'A', 0.913]
[412, 924, 11, 17, 'note', 'A', 0.913]
[383, 1063, 11, 17, 'note', 'A', 0.913]
[309, 248, 11, 17, 'note', 'A', 0.913]
[50, 1082, 11, 17, 'note', 'A', 0.913]
[31, 782, 11, 17, 'note', 'A', 0.913]
[42, 933, 11, 17, 'note', 'A', 0.913]
[163, 266, 11, 17, 'note', 'A', 0.913]
[398, 535, 11, 17, 'note', 'A', 0.913]
[272, 924, 11, 17, 'note', 'A', 0.913]
[49, 1085, 11, 17, 'note', 'A', 0.913]
[286, 497, 11, 17, 'note', 'A', 0.913]
[191, 1084, 11, 17, 'note', 'A', 0.913]
[429, 232, 11, 17, 'note', 'A', 0.913]
[145, 580, 11, 17, 'note', 'A', 0.913]
[196, 676, 11, 17, 'note', 'A', 0.913]
[411, 1100, 11, 17, 'note', 'A', 0.913]
[24, 446, 11, 17, 'note', 'A', 0.913]
[78, 934, 11, 17, 'note', 'A', 0.913]
[162, 218, 11, 17, 'note', 'A', 0.913]
[43, 702, 11, 17, 'note', 'A', 0.913]
[412, 1063, 11, 17, 'note', 'A', 0.913]
[283, 1058, 11, 17, 'note', 'A', 0.913]
[408, 1141, 11, 17, 'note', 'A', 0.913]
[159, 831, 11, 17, 'note', 'A', 0.913]
[34, 627, 11, 17, 'note', 'A', 0.913]
[386, 442, 11, 17, 'note', 'A', 0.913]
[450, 750, 11, 17, 'note', 'A', 0.913]
[408, 1142, 11, 17, 'note', 'A', 0.913]
[23, 470, 11, 17, 'note', 'A', 0.913]
[400, 965, 11, 17, 'note', 'A', 0.913]
[159, 830, 11, 17, 'note', 'A', 0.913]
[145, 628, 11, 17, 'note', 'A', 0.913]
[277, 882, 11, 17, 'note', 'A', 0.913]
[175, 173, 11, 17, 'note', 'A', 0.913]
[143, 878, 11, 17, 'note', 'A', 0.913]
[23, 471, 11, 17, 'note', 'A', 0.913]
[43, 853, 11, 17, 'note', 'A', 0.913]
[68, 783, 11, 17, 'note', 'A', 0.913]
[309, 924, 11, 17, 'note', 'A', 0.913]
[57, 374, 11, 17, 'note', 'A', 0.913]
[273, 903, 11, 17, 'note', 'A', 0.913]
[132, 629, 11, 17, 'note', 'A', 0.913]
[302, 714, 11, 17, 'note', 'A', 0.913]
[292, 1125, 11, 17, 'note', 'A', 0.913]
[285, 365, 11, 17, 'note', 'A', 0.913]
[414, 403, 11, 17, 'note', 'A', 0.913]
[264, 714, 11, 17, 'note', 'A', 0.913]
[196, 474, 11, 17, 'note', 'A', 0.913]
[121, 1131, 11, 17, 'note', 'A', 0.913]
[66, 516, 11, 17, 'note', 'A', 0.913]
[302, 712, 11, 17, 'note', 'A', 0.913]
[142, 784, 11, 17, 'note', 'A', 0.913]
[393, 1140, 11, 17, 'note', 'A', 0.913]
[398, 615, 11, 17, 'note', 'A', 0.913]
[331, 577, 11, 17, 'note', 'A', 0.913]
[386, 536, 11, 17, 'note', 'A', 0.913]
[381, 1142, 11, 17, 'note', 'A', 0.913]
[319, 168, 11, 17, 'note', 'A', 0.913]
[334, 229, 11, 17, 'note', 'A', 0.913]
[400, 790, 11, 17, 'note', 'A', 0.913]
[452, 402, 11, 17, 'note', 'A', 0.913]
[73, 1110, 11, 17, 'note', 'A', 0.913]
[309, 249, 11, 17, 'note', 'A', 0.913]
[388, 324, 11, 17, 'note', 'A', 0.913]
[163, 217, 11, 17, 'note', 'A', 0.913]
[31, 784, 11, 17, 'note', 'A', 0.913]
[448, 751, 11, 17, 'note', 'A', 0.913]
[422, 326, 11, 17, 'note', 'A', 0.913]
[395, 230, 11, 17, 'note', 'A', 0.913]
[411, 1064, 11, 17, 'note', 'A', 0.913]
[296, 577, 11, 17, 'note', 'A', 0.913]
[411, 1099, 11, 17, 'note', 'A', 0.913]
[298, 209, 11, 17, 'note', 'A', 0.913]
[142, 171, 11, 17, 'note', 'A', 0.913]
[78, 702, 11, 17, 'note', 'A', 0.913]
[141, 937, 11, 17, 'note', 'A', 0.913]
[144, 1036, 11, 17, 'note', 'A', 0.913]
[77, 702, 11, 17, 'note', 'A', 0.913]
[448, 925, 11, 17, 'note', 'A', 0.913]
[398, 616, 11, 17, 'note', 'A', 0.913]
[320, 169, 11, 17, 'note', 'A', 0.913]
[217, 1085, 11, 17, 'note', 'A', 0.913]
[331, 555, 11, 17, 'note', 'A', 0.913]
[65, 519, 11, 17, 'note', 'A', 0.913]
[409, 1141, 11, 17, 'note', 'A', 0.913]
[163, 267, 11, 17, 'note', 'A', 0.913]
[67, 517, 11, 17, 'note', 'A', 0.913]
[145, 627, 11, 17, 'note', 'A', 0.913]
[42, 854, 11, 17, 'note', 'A', 0.913]
[427, 842, 11, 17, 'note', 'A', 0.913]
[307, 841, 11, 17, 'note', 'A', 0.913]
[121, 1132, 11, 17, 'note', 'A', 0.913]
[22, 448, 11, 17, 'note', 'A', 0.913]
[132, 626, 11, 17, 'note', 'A', 0.913]
[311, 461, 11, 17, 'note', 'A', 0.913]
[296, 1101, 11, 17, 'note', 'A', 0.913]
[142, 936, 11, 17, 'note', 'A', 0.913]
[12, 216, 11, 17, 'note', 'A', 0.913]
[68, 628, 11, 17, 'note', 'A', 0.913]
[276, 965, 11, 17, 'note', 'A', 0.913]
[329, 147, 11, 17, 'note', 'A', 0.913]
[49, 1083, 11, 17, 'note', 'A', 0.913]
[298, 577, 11, 17, 'note', 'A', 0.913]
[447, 1100, 11, 17, 'note', 'A', 0.913]
[399, 965, 11, 17, 'note', 'A', 0.913]
[316, 964, 11, 17, 'note', 'A', 0.913]
[414, 365, 11, 17, 'note', 'A', 0.913]
[306, 841, 11, 17, 'note', 'A', 0.913]
[312, 383, 11, 17, 'note', 'A', 0.913]
[217, 1084, 11, 17, 'note', 'A', 0.913]
[51, 1083, 11, 17, 'note', 'A', 0.913]
[386, 444, 11, 17, 'note', 'A', 0.913]
[430, 229, 11, 17, 'note', 'A', 0.913]
[393, 842, 11, 17, 'note', 'A', 0.913]
[171, 988, 11, 17, 'note', 'A', 0.913]
[430, 150, 11, 17, 'note', 'A', 0.913]
[296, 620, 11, 17, 'note', 'A', 0.913]
[71, 1035, 11, 17, 'note', 'A', 0.913]
[448, 922, 11, 17, 'note', 'A', 0.913]
[41, 936, 11, 17, 'note', 'A', 0.913]
[445, 1100, 11, 17, 'note', 'A', 0.913]
[70, 1035, 11, 17, 'note', 'A', 0.913]
[433, 615, 11, 17, 'note', 'A', 0.913]
[296, 555, 11, 17, 'note', 'A', 0.913]
[162, 267, 11, 17, 'note', 'A', 0.913]
[427, 670, 11, 17, 'note', 'A', 0.913]
[397, 616, 11, 17, 'note', 'A', 0.913]
[314, 964, 11, 17, 'note', 'A', 0.913]
[297, 578, 11, 17, 'note', 'A', 0.913]
[184, 521, 11, 17, 'note', 'A', 0.913]
[312, 460, 11, 17, 'note', 'A', 0.913]
[395, 1024, 11, 17, 'note', 'A', 0.913]
[398, 497, 11, 17, 'note', 'A', 0.913]
[142, 879, 11, 17, 'note', 'A', 0.913]
[382, 1064, 11, 17, 'note', 'A', 0.913]
[40, 1110, 11, 17, 'note', 'A', 0.913]
[162, 217, 11, 17, 'note', 'A', 0.913]
[409, 1100, 11, 17, 'note', 'A', 0.913]
[430, 149, 11, 17, 'note', 'A', 0.913]
[309, 925, 11, 17, 'note', 'A', 0.913]
[144, 1035, 11, 17, 'note', 'A', 0.913]
[395, 1062, 11, 17, 'note', 'A', 0.913]
[297, 554, 11, 17, 'note', 'A', 0.913]
[142, 830, 11, 17, 'note', 'A', 0.913]
[329, 149, 11, 17, 'note', 'A', 0.913]
[150, 217, 11, 17, 'note', 'A', 0.913]
[142, 878, 11, 17, 'note', 'A', 0.913]
[408, 1100, 11, 17, 'note', 'A', 0.913]
[305, 842, 11, 17, 'note', 'A', 0.913]
[395, 1064, 11, 17, 'note', 'A', 0.913]
[197, 675, 11, 17, 'note', 'A', 0.913]
[144, 579, 11, 17, 'note', 'A', 0.913]
[316, 963, 11, 17, 'note', 'A', 0.913]
[143, 783, 11, 17, 'note', 'A', 0.913]
[144, 628, 11, 17, 'note', 'A', 0.913]
[276, 964, 11, 17, 'note', 'A', 0.913]
[141, 936, 11, 17, 'note', 'A', 0.913]
[33, 629, 11, 17, 'note', 'A', 0.913]
[42, 935, 11, 17, 'note', 'A', 0.913]
[131, 628, 11, 17, 'note', 'A', 0.913]
[44, 702, 11, 17, 'note', 'A', 0.913]
[425, 324, 11, 17, 'note', 'A', 0.913]
[322, 364, 11, 17, 'note', 'A', 0.913]
[199, 267, 11, 17, 'note', 'A', 0.913]
[314, 965, 11, 17, 'note', 'A', 0.913]
[399, 577, 11, 17, 'note', 'A', 0.913]
[283, 1060, 11, 17, 'note', 'A', 0.913]
[393, 1142, 11, 17, 'note', 'A', 0.913]
[381, 1141, 11, 17, 'note', 'A', 0.913]
[264, 713, 11, 17, 'note', 'A', 0.913]
[447, 1099, 11, 17, 'note', 'A', 0.913]
[311, 460, 11, 17, 'note', 'A', 0.913]
[298, 576, 11, 17, 'note', 'A', 0.913]
[197, 472, 11, 17, 'note', 'A', 0.913]
[192, 1083, 11, 17, 'note', 'A', 0.913]
[40, 1108, 11, 17, 'note', 'A', 0.913]
[423, 325, 11, 17, 'note', 'A', 0.913]
[382, 1063, 11, 17, 'note', 'A', 0.913]
[386, 443, 11, 17, 'note', 'A', 0.913]
[177, 170, 11, 17, 'note', 'A', 0.913]
[285, 364, 11, 17, 'note', 'A', 0.913]
[143, 831, 11, 17, 'note', 'A', 0.913]
[398, 496, 11, 17, 'note', 'A', 0.913]
[299, 230, 11, 17, 'note', 'A', 0.913]
[306, 843, 11, 17, 'note', 'A', 0.913]
[287, 495, 11, 17, 'note', 'A', 0.913]
[31, 783, 11, 17, 'note', 'A', 0.913]
[297, 619, 11, 17, 'note', 'A', 0.913]
[411, 1063, 11, 17, 'note', 'A', 0.913]
[379, 790, 11, 17, 'note', 'A', 0.913]
[436, 963, 11, 17, 'note', 'A', 0.913]
[429, 151, 11, 17, 'note', 'A', 0.913]
[307, 777, 11, 17, 'note', 'A', 0.913]
[307, 842, 11, 17, 'note', 'A', 0.913]
[299, 228, 11, 17, 'note', 'A', 0.913]
[286, 363, 11, 17, 'note', 'A', 0.913]
[71, 1034, 11, 17, 'note', 'A', 0.913]
[301, 714, 11, 17, 'note', 'A', 0.913]
[429, 268, 11, 17, 'note', 'A', 0.913]
[22, 447, 11, 17, 'note', 'A', 0.913]
[40, 935, 11, 17, 'note', 'A', 0.913]
[42, 934, 11, 17, 'note', 'A', 0.913]
[430, 267, 11, 17, 'note', 'A', 0.913]
[287, 497, 11, 17, 'note', 'A', 0.913]
[298, 621, 11, 17, 'note', 'A', 0.913]
[315, 963, 11, 17, 'note', 'A', 0.913]
[446, 1101, 11, 17, 'note', 'A', 0.913]
[185, 520, 11, 17, 'note', 'A', 0.913]
[427, 669, 11, 17, 'note', 'A', 0.913]
[56, 375, 11, 17, 'note', 'A', 0.913]
[303, 712, 11, 17, 'note', 'A', 0.913]
[143, 784, 11, 17, 'note', 'A', 0.913]
[65, 517, 11, 17, 'note', 'A', 0.913]
[49, 1084, 11, 17, 'note', 'A', 0.913]
[145, 578, 11, 17, 'note', 'A', 0.913]
[396, 1021, 11, 17, 'note', 'A', 0.913]
[282, 1061, 11, 17, 'note', 'A', 0.913]
[143, 830, 11, 17, 'note', 'A', 0.913]
[195, 674, 11, 17, 'note', 'A', 0.913]
[171, 987, 11, 17, 'note', 'A', 0.913]
[33, 627, 11, 17, 'note', 'A', 0.913]
[399, 576, 11, 17, 'note', 'A', 0.913]
[42, 853, 11, 17, 'note', 'A', 0.913]
[451, 402, 11, 17, 'note', 'A', 0.913]
[430, 231, 11, 17, 'note', 'A', 0.913]
[297, 576, 11, 17, 'note', 'A', 0.913]
[435, 964, 11, 17, 'note', 'A', 0.913]
[192, 1084, 11, 17, 'note', 'A', 0.913]
[447, 923, 11, 17, 'note', 'A', 0.913]
[429, 149, 11, 17, 'note', 'A', 0.913]
[428, 151, 11, 17, 'note', 'A', 0.913]
[401, 882, 11, 17, 'note', 'A', 0.913]
[328, 148, 11, 17, 'note', 'A', 0.913]
[296, 556, 11, 17, 'note', 'A', 0.913]
[315, 965, 11, 17, 'note', 'A', 0.913]
[301, 713, 11, 17, 'note', 'A', 0.913]
[23, 446, 11, 17, 'note', 'A', 0.913]
[451, 403, 11, 17, 'note', 'A', 0.913]
[318, 169, 11, 17, 'note', 'A', 0.913]
[283, 1059, 11, 17, 'note', 'A', 0.913]
[286, 364, 11, 17, 'note', 'A', 0.913]
[447, 925, 11, 17, 'note', 'A', 0.913]
[394, 1140, 11, 17, 'note', 'A', 0.913]
[23, 447, 11, 17, 'note', 'A', 0.913]
[408, 1101, 11, 17, 'note', 'A', 0.913]
[398, 536, 11, 17, 'note', 'A', 0.913]
[50, 1084, 11, 17, 'note', 'A', 0.913]
[298, 230, 11, 17, 'note', 'A', 0.913]
[298, 229, 11, 17, 'note', 'A', 0.913]
[395, 1063, 11, 17, 'note', 'A', 0.913]
[307, 775, 11, 17, 'note', 'A', 0.913]
[300, 713, 11, 17, 'note', 'A', 0.913]
[185, 521, 11, 17, 'note', 'A', 0.913]
[177, 171, 11, 17, 'note', 'A', 0.913]
[303, 713, 11, 17, 'note', 'A', 0.913]
[394, 1141, 11, 17, 'note', 'A', 0.913]
[396, 1023, 11, 17, 'note', 'A', 0.913]
[387, 324, 11, 17, 'note', 'A', 0.913]
[393, 1141, 11, 17, 'note', 'A', 0.913]
[435, 965, 11, 17, 'note', 'A', 0.913]
[66, 518, 11, 17, 'note', 'A', 0.913]
[282, 1059, 11, 17, 'note', 'A', 0.913]
[387, 325, 11, 17, 'note', 'A', 0.913]
[197, 673, 11, 17, 'note', 'A', 0.913]
[318, 171, 11, 17, 'note', 'A', 0.913]
[195, 675, 11, 17, 'note', 'A', 0.913]
[397, 577, 11, 17, 'note', 'A', 0.913]
[142, 831, 11, 17, 'note', 'A', 0.913]
[33, 628, 11, 17, 'note', 'A', 0.913]
[449, 750, 11, 17, 'note', 'A', 0.913]
[65, 518, 11, 17, 'note', 'A', 0.913]
[150, 218, 11, 17, 'note', 'A', 0.913]
[329, 148, 11, 17, 'note', 'A', 0.913]
[328, 149, 11, 17, 'note', 'A', 0.913]
[176, 170, 11, 17, 'note', 'A', 0.913]
[429, 267, 11, 17, 'note', 'A', 0.913]
[397, 578, 11, 17, 'note', 'A', 0.913]
[297, 577, 11, 17, 'note', 'A', 0.913]
[429, 230, 11, 17, 'note', 'A', 0.913]
[39, 1110, 11, 17, 'note', 'A', 0.913]
[298, 619, 11, 17, 'note', 'A', 0.913]
[298, 554, 11, 17, 'note', 'A', 0.913]
[197, 474, 11, 17, 'note', 'A', 0.913]
[39, 1109, 11, 17, 'note', 'A', 0.913]
[145, 579, 11, 17, 'note', 'A', 0.913]
[197, 674, 11, 17, 'note', 'A', 0.913]
[296, 621, 11, 17, 'note', 'A', 0.913]
[40, 1109, 11, 17, 'note', 'A', 0.913]
[446, 1099, 11, 17, 'note', 'A', 0.913]
[196, 673, 11, 17, 'note', 'A', 0.913]
[429, 231, 11, 17, 'note', 'A', 0.913]
[299, 229, 11, 17, 'note', 'A', 0.913]
[449, 751, 11, 17, 'note', 'A', 0.913]
[436, 965, 11, 17, 'note', 'A', 0.913]
[132, 628, 11, 17, 'note', 'A', 0.913]
[287, 496, 11, 17, 'note', 'A', 0.913]
[398, 578, 11, 17, 'note', 'A', 0.913]
[428, 150, 11, 17, 'note', 'A', 0.913]
[132, 627, 11, 17, 'note', 'A', 0.913]
[197, 473, 11, 17, 'note', 'A', 0.913]
[298, 555, 11, 17, 'note', 'A', 0.913]
[306, 777, 11, 17, 'note', 'A', 0.913]
[297, 556, 11, 17, 'note', 'A', 0.913]
[41, 934, 11, 17, 'note', 'A', 0.913]
[50, 1083, 11, 17, 'note', 'A', 0.913]
[282, 1060, 11, 17, 'note', 'A', 0.913]
[302, 713, 11, 17, 'note', 'A', 0.913]
[430, 230, 11, 17, 'note', 'A', 0.913]
[319, 169, 11, 17, 'note', 'A', 0.913]
[298, 620, 11, 17, 'note', 'A', 0.913]
[448, 923, 11, 17, 'note', 'A', 0.913]
[319, 170, 11, 17, 'note', 'A', 0.913]
[175, 172, 11, 17, 'note', 'A', 0.913]
[315, 964, 11, 17, 'note', 'A', 0.913]
[66, 517, 11, 17, 'note', 'A', 0.913]
[175, 171, 11, 17, 'note', 'A', 0.913]
[300, 714, 11, 17, 'note', 'A', 0.913]
[176, 172, 11, 17, 'note', 'A', 0.913]
[306, 776, 11, 17, 'note', 'A', 0.913]
[400, 883, 11, 17, 'note', 'A', 0.913]
[447, 924, 11, 17, 'note', 'A', 0.913]
[429, 150, 11, 17, 'note', 'A', 0.913]
[448, 924, 11, 17, 'note', 'A', 0.913]
[436, 964, 11, 17, 'note', 'A', 0.913]
[446, 1100, 11, 17, 'note', 'A', 0.913]
[307, 776, 11, 17, 'note', 'A', 0.913]
[398, 576, 11, 17, 'note', 'A', 0.913]
[396, 1022, 11, 17, 'note', 'A', 0.913]
[400, 882, 11, 17, 'note', 'A', 0.913]
[306, 842, 11, 17, 'note', 'A', 0.913]
[318, 170, 11, 17, 'note', 'A', 0.913]
[297, 621, 11, 17, 'note', 'A', 0.913]
[395, 1022, 11, 17, 'note', 'A', 0.913]
[297, 555, 11, 17, 'note', 'A', 0.913]
[196, 675, 11, 17, 'note', 'A', 0.913]
[297, 620, 11, 17, 'note', 'A', 0.913]
[41, 935, 11, 17, 'note', 'A', 0.913]
[395, 1023, 11, 17, 'note', 'A', 0.913]
[398, 577, 11, 17, 'note', 'A', 0.913]
[196, 674, 11, 17, 'note', 'A', 0.913]
[176, 171, 11, 17, 'note', 'A', 0.913]
[94, 45, 29, 18, 'eighth rest', 'A', 0.983]
[201, 781, 29, 18, 'eighth rest', 'A', 0.983]
[39, 21, 29, 18, 'eighth rest', 'A', 0.983]
[102, 188, 29, 18, 'eighth rest', 'A', 0.983]
[345, 49, 29, 18, 'eighth rest', 'A', 0.983]
[201, 876, 29, 18, 'eighth rest', 'A', 0.983]
[196, 987, 29, 18, 'eighth rest', 'A', 0.983]
[345, 47, 29, 18, 'eighth rest', 'A', 0.983]
[118, 524, 29, 18, 'eighth rest', 'A', 0.983]
[295, 23, 29, 18, 'eighth rest', 'A', 0.983]
[288, 25, 29, 18, 'eighth rest', 'A', 0.983]
[456, 575, 29, 18, 'eighth rest', 'A', 0.983]
[103, 188, 29, 18, 'eighth rest', 'A', 0.983]
[113, 156, 29, 18, 'eighth rest', 'A', 0.983]
[196, 986, 29, 18, 'eighth rest', 'A', 0.983]
[113, 155, 29, 18, 'eighth rest', 'A', 0.983]
[41, 22, 29, 18, 'eighth rest', 'A', 0.983]
[296, 23, 29, 18, 'eighth rest', 'A', 0.983]
[43, 21, 29, 18, 'eighth rest', 'A', 0.983]
[34, 23, 29, 18, 'eighth rest', 'A', 0.983]
[348, 48, 29, 18, 'eighth rest', 'A', 0.983]
[345, 48, 29, 18, 'eighth rest', 'A', 0.983]
[295, 24, 29, 18, 'eighth rest', 'A', 0.983]
[93, 44, 29, 18, 'eighth rest', 'A', 0.983]
[291, 25, 29, 18, 'eighth rest', 'A', 0.983]
[36, 23, 29, 18, 'eighth rest', 'A', 0.983]
[93, 45, 29, 18, 'eighth rest', 'A', 0.983]
[291, 24, 29, 18, 'eighth rest', 'A', 0.983]
[35, 23, 29, 18, 'eighth rest', 'A', 0.983]
[40, 21, 29, 18, 'eighth rest', 'A', 0.983]
[36, 22, 29, 18, 'eighth rest', 'A', 0.983]
[346, 47, 29, 18, 'eighth rest', 'A', 0.983]
[346, 49, 29, 18, 'eighth rest', 'A', 0.983]
[91, 46, 29, 18, 'eighth rest', 'A', 0.983]
[289, 25, 29, 18, 'eighth rest', 'A', 0.983]
[40, 22, 29, 18, 'eighth rest', 'A', 0.983]
[92, 46, 29, 18, 'eighth rest', 'A', 0.983]
[347, 47, 29, 18, 'eighth rest', 'A', 0.983]
[290, 25, 29, 18, 'eighth rest', 'A', 0.983]
[347, 49, 29, 18, 'eighth rest', 'A', 0.983]
[42, 21, 29, 18, 'eighth rest', 'A', 0.983]
[41, 21, 29, 18, 'eighth rest', 'A', 0.983]
[91, 44, 29, 18, 'eighth rest', 'A', 0.983]
[294, 24, 29, 18, 'eighth rest', 'A', 0.983]
[346, 48, 29, 18, 'eighth rest', 'A', 0.983]
[39, 22, 29, 18, 'eighth rest', 'A', 0.983]
[92, 44, 29, 18, 'eighth rest', 'A', 0.983]
[292, 24, 29, 18, 'eighth rest', 'A', 0.983]
[37, 22, 29, 18, 'eighth rest', 'A', 0.983]
[38, 22, 29, 18, 'eighth rest', 'A', 0.983]
[91, 45, 29, 18, 'eighth rest', 'A', 0.983]
[347, 48, 29, 18, 'eighth rest', 'A', 0.983]
[293, 24, 29, 18, 'eighth rest', 'A', 0.983]
[92, 45, 29, 18, 'eighth rest', 'A', 0.983]
