[283, 736, 11, 17, 'note', 'A', 0.913]
[325, 807, 11, 17, 'note', 'A', 0.913]
[156, 243, 11, 17, 'note', 'A', 0.913]
[105, 220, 11, 17, 'note', 'A', 0.913]
[358, 393, 11, 17, 'note', 'A', 0.913]
[332, 475, 11, 17, 'note', 'A', 0.913]
[108, 237, 11, 17, 'note', 'A', 0.913]
[346, 302, 11, 17, 'note', 'A', 0.913]
[298, 397, 11, 17, 'note', 'A', 0.913]
[87, 400, 11, 17, 'note', 'A', 0.913]
[330, 1424, 11, 17, 'note', 'A', 0.913]
[352, 1651, 11, 17, 'note', 'A', 0.913]
[118, 1721, 11, 17, 'note', 'A', 0.913]
[358, 290, 11, 17, 'note', 'A', 0.913]
[304, 816, 11, 17, 'note', 'A', 0.913]
[117, 59, 11, 17, 'note', 'A', 0.913]
[299, 1102, 11, 17, 'note', 'A', 0.913]
[153, 1056, 11, 17, 'note', 'A', 0.913]
[258, 3, 11, 17, 'note', 'A', 0.913]
[300, 1769, 11, 17, 'note', 'A', 0.913]
[174, 767, 11, 17, 'note', 'A', 0.913]
[87, 296, 11, 17, 'note', 'A', 0.913]
[107, 236, 11, 17, 'note', 'A', 0.913]
[120, 1477, 11, 17, 'note', 'A', 0.913]
[181, 1163, 11, 17, 'note', 'A', 0.913]
[281, 817, 11, 17, 'note', 'A', 0.913]
[65, 50, 11, 17, 'note', 'A', 0.913]
[152, 347, 11, 17, 'note', 'A', 0.913]
[156, 1731, 11, 17, 'note', 'A', 0.913]
[352, 1588, 11, 17, 'note', 'A', 0.913]
[116, 1043, 11, 17, 'note', 'A', 0.913]
[93, 440, 11, 17, 'note', 'A', 0.913]
[212, 629, 11, 17, 'note', 'A', 0.913]
[283, 812, 11, 17, 'note', 'A', 0.913]
[151, 248, 11, 17, 'note', 'A', 0.913]
[150, 1163, 11, 17, 'note', 'A', 0.913]
[110, 1047, 11, 17, 'note', 'A', 0.913]
[114, 1722, 11, 17, 'note', 'A', 0.913]
[326, 806, 11, 17, 'note', 'A', 0.913]
[313, 1330, 11, 17, 'note', 'A', 0.913]
[101, 246, 11, 17, 'note', 'A', 0.913]
[101, 349, 11, 17, 'note', 'A', 0.913]
[148, 1553, 11, 17, 'note', 'A', 0.913]
[118, 1720, 11, 17, 'note', 'A', 0.913]
[89, 478, 11, 17, 'note', 'A', 0.913]
[146, 1275, 11, 17, 'note', 'A', 0.913]
[330, 481, 11, 17, 'note', 'A', 0.913]
[154, 1054, 11, 17, 'note', 'A', 0.913]
[283, 995, 11, 17, 'note', 'A', 0.913]
[134, 867, 11, 17, 'note', 'A', 0.913]
[168, 1643, 11, 17, 'note', 'A', 0.913]
[249, 5, 11, 17, 'note', 'A', 0.913]
[326, 1299, 11, 17, 'note', 'A', 0.913]
[90, 392, 11, 17, 'note', 'A', 0.913]
[250, 735, 11, 17, 'note', 'A', 0.913]
[349, 300, 11, 17, 'note', 'A', 0.913]
[189, 623, 11, 17, 'note', 'A', 0.913]
[262, 1331, 11, 17, 'note', 'A', 0.913]
[204, 1227, 11, 17, 'note', 'A', 0.913]
[180, 1267, 11, 17, 'note', 'A', 0.913]
[254, 1227, 11, 17, 'note', 'A', 0.913]
[289, 1589, 11, 17, 'note', 'A', 0.913]
[304, 914, 11, 17, 'note', 'A', 0.913]
[212, 627, 11, 17, 'note', 'A', 0.913]
[307, 1682, 11, 17, 'note', 'A', 0.913]
[88, 85, 11, 17, 'note', 'A', 0.913]
[203, 1227, 11, 17, 'note', 'A', 0.913]
[355, 393, 11, 17, 'note', 'A', 0.913]
[281, 1328, 11, 17, 'note', 'A', 0.913]
[114, 1729, 11, 17, 'note', 'A', 0.913]
[73, 39, 11, 17, 'note', 'A', 0.913]
[329, 480, 11, 17, 'note', 'A', 0.913]
[193, 619, 11, 17, 'note', 'A', 0.913]
[151, 347, 11, 17, 'note', 'A', 0.913]
[52, 59, 11, 17, 'note', 'A', 0.913]
[351, 1652, 11, 17, 'note', 'A', 0.913]
[271, 638, 11, 17, 'note', 'A', 0.913]
[185, 1547, 11, 17, 'note', 'A', 0.913]
[134, 246, 11, 17, 'note', 'A', 0.913]
[282, 812, 11, 17, 'note', 'A', 0.913]
[147, 431, 11, 17, 'note', 'A', 0.913]
[326, 1297, 11, 17, 'note', 'A', 0.913]
[190, 624, 11, 17, 'note', 'A', 0.913]
[155, 338, 11, 17, 'note', 'A', 0.913]
[268, 639, 11, 17, 'note', 'A', 0.913]
[300, 295, 11, 17, 'note', 'A', 0.913]
[296, 1237, 11, 17, 'note', 'A', 0.913]
[283, 1000, 11, 17, 'note', 'A', 0.913]
[134, 1055, 11, 17, 'note', 'A', 0.913]
[69, 48, 11, 17, 'note', 'A', 0.913]
[85, 401, 11, 17, 'note', 'A', 0.913]
[264, 642, 11, 17, 'note', 'A', 0.913]
[86, 401, 11, 17, 'note', 'A', 0.913]
[160, 1721, 11, 17, 'note', 'A', 0.913]
[120, 1653, 11, 17, 'note', 'A', 0.913]
[92, 432, 11, 17, 'note', 'A', 0.913]
[348, 191, 11, 17, 'note', 'A', 0.913]
[298, 1770, 11, 17, 'note', 'A', 0.913]
[330, 479, 11, 17, 'note', 'A', 0.913]
[354, 394, 11, 17, 'note', 'A', 0.913]
[314, 1234, 11, 17, 'note', 'A', 0.913]
[68, 49, 11, 17, 'note', 'A', 0.913]
[355, 291, 11, 17, 'note', 'A', 0.913]
[149, 1452, 11, 17, 'note', 'A', 0.913]
[60, 51, 11, 17, 'note', 'A', 0.913]
[345, 627, 11, 17, 'note', 'A', 0.913]
[298, 1081, 11, 17, 'note', 'A', 0.913]
[251, 6, 11, 17, 'note', 'A', 0.913]
[86, 481, 11, 17, 'note', 'A', 0.913]
[98, 189, 11, 17, 'note', 'A', 0.913]
[200, 1229, 11, 17, 'note', 'A', 0.913]
[69, 47, 11, 17, 'note', 'A', 0.913]
[340, 1508, 11, 17, 'note', 'A', 0.913]
[181, 1161, 11, 17, 'note', 'A', 0.913]
[249, 633, 11, 17, 'note', 'A', 0.913]
[135, 684, 11, 17, 'note', 'A', 0.913]
[93, 432, 11, 17, 'note', 'A', 0.913]
[290, 1589, 11, 17, 'note', 'A', 0.913]
[311, 716, 11, 17, 'note', 'A', 0.913]
[104, 348, 11, 17, 'note', 'A', 0.913]
[252, 727, 11, 17, 'note', 'A', 0.913]
[103, 1147, 11, 17, 'note', 'A', 0.913]
[355, 1319, 11, 17, 'note', 'A', 0.913]
[153, 247, 11, 17, 'note', 'A', 0.913]
[247, 5, 11, 17, 'note', 'A', 0.913]
[108, 1163, 11, 17, 'note', 'A', 0.913]
[347, 723, 11, 17, 'note', 'A', 0.913]
[174, 952, 11, 17, 'note', 'A', 0.913]
[85, 481, 11, 17, 'note', 'A', 0.913]
[106, 342, 11, 17, 'note', 'A', 0.913]
[156, 1046, 11, 17, 'note', 'A', 0.913]
[149, 430, 11, 17, 'note', 'A', 0.913]
[119, 962, 11, 17, 'note', 'A', 0.913]
[137, 680, 11, 17, 'note', 'A', 0.913]
[173, 671, 11, 17, 'note', 'A', 0.913]
[257, 5, 11, 17, 'note', 'A', 0.913]
[147, 1369, 11, 17, 'note', 'A', 0.913]
[316, 706, 11, 17, 'note', 'A', 0.913]
[137, 1731, 11, 17, 'note', 'A', 0.913]
[338, 996, 11, 17, 'note', 'A', 0.913]
[332, 1423, 11, 17, 'note', 'A', 0.913]
[261, 1225, 11, 17, 'note', 'A', 0.913]
[188, 336, 11, 17, 'note', 'A', 0.913]
[145, 1448, 11, 17, 'note', 'A', 0.913]
[189, 624, 11, 17, 'note', 'A', 0.913]
[341, 1515, 11, 17, 'note', 'A', 0.913]
[350, 1590, 11, 17, 'note', 'A', 0.913]
[354, 1650, 11, 17, 'note', 'A', 0.913]
[353, 1108, 11, 17, 'note', 'A', 0.913]
[297, 1234, 11, 17, 'note', 'A', 0.913]
[264, 2, 11, 17, 'note', 'A', 0.913]
[351, 1653, 11, 17, 'note', 'A', 0.913]
[333, 914, 11, 17, 'note', 'A', 0.913]
[117, 430, 11, 17, 'note', 'A', 0.913]
[135, 245, 11, 17, 'note', 'A', 0.913]
[359, 292, 11, 17, 'note', 'A', 0.913]
[156, 1047, 11, 17, 'note', 'A', 0.913]
[312, 716, 11, 17, 'note', 'A', 0.913]
[345, 628, 11, 17, 'note', 'A', 0.913]
[356, 291, 11, 17, 'note', 'A', 0.913]
[103, 221, 11, 17, 'note', 'A', 0.913]
[134, 684, 11, 17, 'note', 'A', 0.913]
[150, 348, 11, 17, 'note', 'A', 0.913]
[87, 1250, 11, 17, 'note', 'A', 0.913]
[107, 522, 11, 17, 'note', 'A', 0.913]
[125, 884, 11, 17, 'note', 'A', 0.913]
[349, 239, 11, 17, 'note', 'A', 0.913]
[54, 57, 11, 17, 'note', 'A', 0.913]
[316, 1329, 11, 17, 'note', 'A', 0.913]
[155, 245, 11, 17, 'note', 'A', 0.913]
[248, 5, 11, 17, 'note', 'A', 0.913]
[89, 1771, 11, 17, 'note', 'A', 0.913]
[183, 1161, 11, 17, 'note', 'A', 0.913]
[353, 291, 11, 17, 'note', 'A', 0.913]
[134, 683, 11, 17, 'note', 'A', 0.913]
[142, 440, 11, 17, 'note', 'A', 0.913]
[284, 57, 11, 17, 'note', 'A', 0.913]
[103, 1170, 11, 17, 'note', 'A', 0.913]
[368, 1686, 11, 17, 'note', 'A', 0.913]
[156, 244, 11, 17, 'note', 'A', 0.913]
[168, 512, 11, 17, 'note', 'A', 0.913]
[184, 1265, 11, 17, 'note', 'A', 0.913]
[260, 3, 11, 17, 'note', 'A', 0.913]
[146, 1370, 11, 17, 'note', 'A', 0.913]
[346, 723, 11, 17, 'note', 'A', 0.913]
[125, 523, 11, 17, 'note', 'A', 0.913]
[317, 517, 11, 17, 'note', 'A', 0.913]
[299, 1770, 11, 17, 'note', 'A', 0.913]
[129, 883, 11, 17, 'note', 'A', 0.913]
[88, 396, 11, 17, 'note', 'A', 0.913]
[244, 6, 11, 17, 'note', 'A', 0.913]
[279, 35, 11, 17, 'note', 'A', 0.913]
[162, 1652, 11, 17, 'note', 'A', 0.913]
[86, 1250, 11, 17, 'note', 'A', 0.913]
[136, 40, 11, 17, 'note', 'A', 0.913]
[294, 589, 11, 17, 'note', 'A', 0.913]
[84, 482, 11, 17, 'note', 'A', 0.913]
[335, 1518, 11, 17, 'note', 'A', 0.913]
[338, 1515, 11, 17, 'note', 'A', 0.913]
[353, 401, 11, 17, 'note', 'A', 0.913]
[263, 1331, 11, 17, 'note', 'A', 0.913]
[249, 631, 11, 17, 'note', 'A', 0.913]
[134, 247, 11, 17, 'note', 'A', 0.913]
[286, 57, 11, 17, 'note', 'A', 0.913]
[90, 1771, 11, 17, 'note', 'A', 0.913]
[350, 1592, 11, 17, 'note', 'A', 0.913]
[118, 776, 11, 17, 'note', 'A', 0.913]
[308, 914, 11, 17, 'note', 'A', 0.913]
[311, 1682, 11, 17, 'note', 'A', 0.913]
[117, 1044, 11, 17, 'note', 'A', 0.913]
[342, 1514, 11, 17, 'note', 'A', 0.913]
[303, 639, 11, 17, 'note', 'A', 0.913]
[90, 473, 11, 17, 'note', 'A', 0.913]
[140, 856, 11, 17, 'note', 'A', 0.913]
[126, 1641, 11, 17, 'note', 'A', 0.913]
[253, 1235, 11, 17, 'note', 'A', 0.913]
[330, 922, 11, 17, 'note', 'A', 0.913]
[157, 1047, 11, 17, 'note', 'A', 0.913]
[149, 1447, 11, 17, 'note', 'A', 0.913]
[101, 682, 11, 17, 'note', 'A', 0.913]
[137, 776, 11, 17, 'note', 'A', 0.913]
[286, 638, 11, 17, 'note', 'A', 0.913]
[103, 349, 11, 17, 'note', 'A', 0.913]
[180, 1162, 11, 17, 'note', 'A', 0.913]
[159, 522, 11, 17, 'note', 'A', 0.913]
[138, 960, 11, 17, 'note', 'A', 0.913]
[263, 1329, 11, 17, 'note', 'A', 0.913]
[312, 715, 11, 17, 'note', 'A', 0.913]
[193, 235, 11, 17, 'note', 'A', 0.913]
[250, 631, 11, 17, 'note', 'A', 0.913]
[124, 1278, 11, 17, 'note', 'A', 0.913]
[119, 777, 11, 17, 'note', 'A', 0.913]
[285, 57, 11, 17, 'note', 'A', 0.913]
[107, 883, 11, 17, 'note', 'A', 0.913]
[156, 338, 11, 17, 'note', 'A', 0.913]
[357, 1650, 11, 17, 'note', 'A', 0.913]
[359, 393, 11, 17, 'note', 'A', 0.913]
[332, 170, 11, 17, 'note', 'A', 0.913]
[102, 777, 11, 17, 'note', 'A', 0.913]
[135, 961, 11, 17, 'note', 'A', 0.913]
[325, 808, 11, 17, 'note', 'A', 0.913]
[343, 1507, 11, 17, 'note', 'A', 0.913]
[152, 246, 11, 17, 'note', 'A', 0.913]
[296, 54, 11, 17, 'note', 'A', 0.913]
[295, 55, 11, 17, 'note', 'A', 0.913]
[294, 591, 11, 17, 'note', 'A', 0.913]
[370, 1686, 11, 17, 'note', 'A', 0.913]
[135, 1055, 11, 17, 'note', 'A', 0.913]
[88, 479, 11, 17, 'note', 'A', 0.913]
[77, 35, 11, 17, 'note', 'A', 0.913]
[124, 1277, 11, 17, 'note', 'A', 0.913]
[256, 5, 11, 17, 'note', 'A', 0.913]
[54, 56, 11, 17, 'note', 'A', 0.913]
[333, 1422, 11, 17, 'note', 'A', 0.913]
[122, 1649, 11, 17, 'note', 'A', 0.913]
[146, 1556, 11, 17, 'note', 'A', 0.913]
[315, 517, 11, 17, 'note', 'A', 0.913]
[346, 1053, 11, 17, 'note', 'A', 0.913]
[356, 295, 11, 17, 'note', 'A', 0.913]
[366, 1689, 11, 17, 'note', 'A', 0.913]
[107, 884, 11, 17, 'note', 'A', 0.913]
[110, 1277, 11, 17, 'note', 'A', 0.913]
[356, 1317, 11, 17, 'note', 'A', 0.913]
[149, 1162, 11, 17, 'note', 'A', 0.913]
[199, 1232, 11, 17, 'note', 'A', 0.913]
[193, 236, 11, 17, 'note', 'A', 0.913]
[107, 1278, 11, 17, 'note', 'A', 0.913]
[292, 1414, 11, 17, 'note', 'A', 0.913]
[119, 682, 11, 17, 'note', 'A', 0.913]
[270, 734, 11, 17, 'note', 'A', 0.913]
[148, 1447, 11, 17, 'note', 'A', 0.913]
[346, 724, 11, 17, 'note', 'A', 0.913]
[184, 1360, 11, 17, 'note', 'A', 0.913]
[291, 1045, 11, 17, 'note', 'A', 0.913]
[299, 394, 11, 17, 'note', 'A', 0.913]
[281, 814, 11, 17, 'note', 'A', 0.913]
[314, 1235, 11, 17, 'note', 'A', 0.913]
[345, 1056, 11, 17, 'note', 'A', 0.913]
[298, 1329, 11, 17, 'note', 'A', 0.913]
[333, 1519, 11, 17, 'note', 'A', 0.913]
[331, 919, 11, 17, 'note', 'A', 0.913]
[358, 1647, 11, 17, 'note', 'A', 0.913]
[294, 1589, 11, 17, 'note', 'A', 0.913]
[280, 1330, 11, 17, 'note', 'A', 0.913]
[144, 440, 11, 17, 'note', 'A', 0.913]
[350, 193, 11, 17, 'note', 'A', 0.913]
[350, 190, 11, 17, 'note', 'A', 0.913]
[349, 1594, 11, 17, 'note', 'A', 0.913]
[320, 817, 11, 17, 'note', 'A', 0.913]
[356, 393, 11, 17, 'note', 'A', 0.913]
[300, 393, 11, 17, 'note', 'A', 0.913]
[308, 630, 11, 17, 'note', 'A', 0.913]
[109, 440, 11, 17, 'note', 'A', 0.913]
[108, 339, 11, 17, 'note', 'A', 0.913]
[146, 1170, 11, 17, 'note', 'A', 0.913]
[348, 1593, 11, 17, 'note', 'A', 0.913]
[345, 247, 11, 17, 'note', 'A', 0.913]
[357, 397, 11, 17, 'note', 'A', 0.913]
[82, 32, 11, 17, 'note', 'A', 0.913]
[84, 401, 11, 17, 'note', 'A', 0.913]
[352, 299, 11, 17, 'note', 'A', 0.913]
[150, 349, 11, 17, 'note', 'A', 0.913]
[139, 1730, 11, 17, 'note', 'A', 0.913]
[108, 1056, 11, 17, 'note', 'A', 0.913]
[317, 707, 11, 17, 'note', 'A', 0.913]
[339, 1516, 11, 17, 'note', 'A', 0.913]
[113, 1730, 11, 17, 'note', 'A', 0.913]
[293, 54, 11, 17, 'note', 'A', 0.913]
[137, 961, 11, 17, 'note', 'A', 0.913]
[326, 1298, 11, 17, 'note', 'A', 0.913]
[73, 40, 11, 17, 'note', 'A', 0.913]
[348, 192, 11, 17, 'note', 'A', 0.913]
[310, 627, 11, 17, 'note', 'A', 0.913]
[297, 1235, 11, 17, 'note', 'A', 0.913]
[145, 1172, 11, 17, 'note', 'A', 0.913]
[351, 299, 11, 17, 'note', 'A', 0.913]
[354, 1319, 11, 17, 'note', 'A', 0.913]
[285, 639, 11, 17, 'note', 'A', 0.913]
[295, 52, 11, 17, 'note', 'A', 0.913]
[299, 398, 11, 17, 'note', 'A', 0.913]
[333, 473, 11, 17, 'note', 'A', 0.913]
[137, 43, 11, 17, 'note', 'A', 0.913]
[53, 57, 11, 17, 'note', 'A', 0.913]
[86, 199, 11, 17, 'note', 'A', 0.913]
[89, 1247, 11, 17, 'note', 'A', 0.913]
[353, 1652, 11, 17, 'note', 'A', 0.913]
[119, 1721, 11, 17, 'note', 'A', 0.913]
[333, 169, 11, 17, 'note', 'A', 0.913]
[318, 1511, 11, 17, 'note', 'A', 0.913]
[249, 636, 11, 17, 'note', 'A', 0.913]
[194, 512, 11, 17, 'note', 'A', 0.913]
[179, 1465, 11, 17, 'note', 'A', 0.913]
[147, 1163, 11, 17, 'note', 'A', 0.913]
[278, 818, 11, 17, 'note', 'A', 0.913]
[106, 237, 11, 17, 'note', 'A', 0.913]
[140, 1474, 11, 17, 'note', 'A', 0.913]
[125, 1642, 11, 17, 'note', 'A', 0.913]
[139, 1476, 11, 17, 'note', 'A', 0.913]
[331, 169, 11, 17, 'note', 'A', 0.913]
[333, 472, 11, 17, 'note', 'A', 0.913]
[367, 1690, 11, 17, 'note', 'A', 0.913]
[190, 643, 11, 17, 'note', 'A', 0.913]
[252, 5, 11, 17, 'note', 'A', 0.913]
[126, 1644, 11, 17, 'note', 'A', 0.913]
[281, 1001, 11, 17, 'note', 'A', 0.913]
[291, 189, 11, 17, 'note', 'A', 0.913]
[312, 1236, 11, 17, 'note', 'A', 0.913]
[275, 471, 11, 17, 'note', 'A', 0.913]
[293, 1414, 11, 17, 'note', 'A', 0.913]
[87, 480, 11, 17, 'note', 'A', 0.913]
[37, 410, 11, 17, 'note', 'A', 0.913]
[138, 959, 11, 17, 'note', 'A', 0.913]
[85, 400, 11, 17, 'note', 'A', 0.913]
[85, 480, 11, 17, 'note', 'A', 0.913]
[299, 294, 11, 17, 'note', 'A', 0.913]
[250, 5, 11, 17, 'note', 'A', 0.913]
[110, 1362, 11, 17, 'note', 'A', 0.913]
[329, 922, 11, 17, 'note', 'A', 0.913]
[156, 1730, 11, 17, 'note', 'A', 0.913]
[317, 708, 11, 17, 'note', 'A', 0.913]
[149, 1362, 11, 17, 'note', 'A', 0.913]
[343, 629, 11, 17, 'note', 'A', 0.913]
[279, 1330, 11, 17, 'note', 'A', 0.913]
[300, 291, 11, 17, 'note', 'A', 0.913]
[86, 296, 11, 17, 'note', 'A', 0.913]
[90, 393, 11, 17, 'note', 'A', 0.913]
[119, 1720, 11, 17, 'note', 'A', 0.913]
[36, 412, 11, 17, 'note', 'A', 0.913]
[308, 913, 11, 17, 'note', 'A', 0.913]
[311, 1681, 11, 17, 'note', 'A', 0.913]
[287, 914, 11, 17, 'note', 'A', 0.913]
[267, 2, 11, 17, 'note', 'A', 0.913]
[356, 1649, 11, 17, 'note', 'A', 0.913]
[162, 1721, 11, 17, 'note', 'A', 0.913]
[291, 237, 11, 17, 'note', 'A', 0.913]
[354, 291, 11, 17, 'note', 'A', 0.913]
[169, 1643, 11, 17, 'note', 'A', 0.913]
[295, 1236, 11, 17, 'note', 'A', 0.913]
[334, 1518, 11, 17, 'note', 'A', 0.913]
[183, 1358, 11, 17, 'note', 'A', 0.913]
[316, 514, 11, 17, 'note', 'A', 0.913]
[137, 960, 11, 17, 'note', 'A', 0.913]
[278, 1237, 11, 17, 'note', 'A', 0.913]
[184, 1358, 11, 17, 'note', 'A', 0.913]
[99, 189, 11, 17, 'note', 'A', 0.913]
[294, 1588, 11, 17, 'note', 'A', 0.913]
[192, 237, 11, 17, 'note', 'A', 0.913]
[345, 246, 11, 17, 'note', 'A', 0.913]
[131, 510, 11, 17, 'note', 'A', 0.913]
[101, 1173, 11, 17, 'note', 'A', 0.913]
[303, 1644, 11, 17, 'note', 'A', 0.913]
[84, 481, 11, 17, 'note', 'A', 0.913]
[135, 246, 11, 17, 'note', 'A', 0.913]
[125, 1371, 11, 17, 'note', 'A', 0.913]
[304, 639, 11, 17, 'note', 'A', 0.913]
[130, 881, 11, 17, 'note', 'A', 0.913]
[329, 481, 11, 17, 'note', 'A', 0.913]
[108, 1370, 11, 17, 'note', 'A', 0.913]
[111, 1730, 11, 17, 'note', 'A', 0.913]
[293, 590, 11, 17, 'note', 'A', 0.913]
[131, 511, 11, 17, 'note', 'A', 0.913]
[366, 1691, 11, 17, 'note', 'A', 0.913]
[212, 608, 11, 17, 'note', 'A', 0.913]
[164, 1651, 11, 17, 'note', 'A', 0.913]
[333, 1518, 11, 17, 'note', 'A', 0.913]
[177, 950, 11, 17, 'note', 'A', 0.913]
[280, 1235, 11, 17, 'note', 'A', 0.913]
[296, 1331, 11, 17, 'note', 'A', 0.913]
[102, 245, 11, 17, 'note', 'A', 0.913]
[314, 1329, 11, 17, 'note', 'A', 0.913]
[264, 640, 11, 17, 'note', 'A', 0.913]
[303, 1444, 11, 17, 'note', 'A', 0.913]
[252, 734, 11, 17, 'note', 'A', 0.913]
[158, 1046, 11, 17, 'note', 'A', 0.913]
[101, 683, 11, 17, 'note', 'A', 0.913]
[264, 1329, 11, 17, 'note', 'A', 0.913]
[82, 34, 11, 17, 'note', 'A', 0.913]
[125, 1644, 11, 17, 'note', 'A', 0.913]
[134, 964, 11, 17, 'note', 'A', 0.913]
[297, 1329, 11, 17, 'note', 'A', 0.913]
[265, 2, 11, 17, 'note', 'A', 0.913]
[148, 1450, 11, 17, 'note', 'A', 0.913]
[332, 476, 11, 17, 'note', 'A', 0.913]
[352, 402, 11, 17, 'note', 'A', 0.913]
[142, 1278, 11, 17, 'note', 'A', 0.913]
[147, 1267, 11, 17, 'note', 'A', 0.913]
[337, 996, 11, 17, 'note', 'A', 0.913]
[100, 113, 11, 17, 'note', 'A', 0.913]
[331, 480, 11, 17, 'note', 'A', 0.913]
[148, 1556, 11, 17, 'note', 'A', 0.913]
[110, 440, 11, 17, 'note', 'A', 0.913]
[37, 412, 11, 17, 'note', 'A', 0.913]
[356, 401, 11, 17, 'note', 'A', 0.913]
[124, 1649, 11, 17, 'note', 'A', 0.913]
[245, 639, 11, 17, 'note', 'A', 0.913]
[293, 55, 11, 17, 'note', 'A', 0.913]
[136, 962, 11, 17, 'note', 'A', 0.913]
[116, 431, 11, 17, 'note', 'A', 0.913]
[89, 290, 11, 17, 'note', 'A', 0.913]
[255, 5, 11, 17, 'note', 'A', 0.913]
[52, 58, 11, 17, 'note', 'A', 0.913]
[254, 1236, 11, 17, 'note', 'A', 0.913]
[313, 1236, 11, 17, 'note', 'A', 0.913]
[301, 1102, 11, 17, 'note', 'A', 0.913]
[353, 299, 11, 17, 'note', 'A', 0.913]
[88, 295, 11, 17, 'note', 'A', 0.913]
[151, 348, 11, 17, 'note', 'A', 0.913]
[296, 1236, 11, 17, 'note', 'A', 0.913]
[107, 1057, 11, 17, 'note', 'A', 0.913]
[120, 1476, 11, 17, 'note', 'A', 0.913]
[286, 56, 11, 17, 'note', 'A', 0.913]
[240, 210, 11, 17, 'note', 'A', 0.913]
[161, 521, 11, 17, 'note', 'A', 0.913]
[115, 1044, 11, 17, 'note', 'A', 0.913]
[146, 1171, 11, 17, 'note', 'A', 0.913]
[305, 1444, 11, 17, 'note', 'A', 0.913]
[142, 1371, 11, 17, 'note', 'A', 0.913]
[189, 622, 11, 17, 'note', 'A', 0.913]
[92, 440, 11, 17, 'note', 'A', 0.913]
[89, 393, 11, 17, 'note', 'A', 0.913]
[135, 1054, 11, 17, 'note', 'A', 0.913]
[69, 45, 11, 17, 'note', 'A', 0.913]
[285, 735, 11, 17, 'note', 'A', 0.913]
[317, 1326, 11, 17, 'note', 'A', 0.913]
[193, 621, 11, 17, 'note', 'A', 0.913]
[169, 871, 11, 17, 'note', 'A', 0.913]
[337, 1003, 11, 17, 'note', 'A', 0.913]
[357, 1648, 11, 17, 'note', 'A', 0.913]
[145, 1557, 11, 17, 'note', 'A', 0.913]
[354, 297, 11, 17, 'note', 'A', 0.913]
[333, 915, 11, 17, 'note', 'A', 0.913]
[104, 245, 11, 17, 'note', 'A', 0.913]
[281, 1000, 11, 17, 'note', 'A', 0.913]
[144, 1371, 11, 17, 'note', 'A', 0.913]
[295, 1237, 11, 17, 'note', 'A', 0.913]
[199, 1640, 11, 17, 'note', 'A', 0.913]
[191, 236, 11, 17, 'note', 'A', 0.913]
[88, 84, 11, 17, 'note', 'A', 0.913]
[335, 1517, 11, 17, 'note', 'A', 0.913]
[359, 808, 11, 17, 'note', 'A', 0.913]
[86, 1249, 11, 17, 'note', 'A', 0.913]
[116, 1046, 11, 17, 'note', 'A', 0.913]
[349, 1592, 11, 17, 'note', 'A', 0.913]
[355, 1099, 11, 17, 'note', 'A', 0.913]
[151, 1058, 11, 17, 'note', 'A', 0.913]
[345, 199, 11, 17, 'note', 'A', 0.913]
[137, 681, 11, 17, 'note', 'A', 0.913]
[280, 1236, 11, 17, 'note', 'A', 0.913]
[317, 1510, 11, 17, 'note', 'A', 0.913]
[353, 1107, 11, 17, 'note', 'A', 0.913]
[283, 808, 11, 17, 'note', 'A', 0.913]
[176, 767, 11, 17, 'note', 'A', 0.913]
[344, 1507, 11, 17, 'note', 'A', 0.913]
[152, 1057, 11, 17, 'note', 'A', 0.913]
[181, 1361, 11, 17, 'note', 'A', 0.913]
[85, 297, 11, 17, 'note', 'A', 0.913]
[109, 882, 11, 17, 'note', 'A', 0.913]
[69, 46, 11, 17, 'note', 'A', 0.913]
[143, 1277, 11, 17, 'note', 'A', 0.913]
[136, 681, 11, 17, 'note', 'A', 0.913]
[179, 1466, 11, 17, 'note', 'A', 0.913]
[119, 1477, 11, 17, 'note', 'A', 0.913]
[109, 1276, 11, 17, 'note', 'A', 0.913]
[101, 778, 11, 17, 'note', 'A', 0.913]
[331, 170, 11, 17, 'note', 'A', 0.913]
[346, 196, 11, 17, 'note', 'A', 0.913]
[162, 521, 11, 17, 'note', 'A', 0.913]
[118, 682, 11, 17, 'note', 'A', 0.913]
[356, 394, 11, 17, 'note', 'A', 0.913]
[76, 39, 11, 17, 'note', 'A', 0.913]
[175, 671, 11, 17, 'note', 'A', 0.913]
[252, 735, 11, 17, 'note', 'A', 0.913]
[315, 1330, 11, 17, 'note', 'A', 0.913]
[181, 1265, 11, 17, 'note', 'A', 0.913]
[135, 963, 11, 17, 'note', 'A', 0.913]
[89, 84, 11, 17, 'note', 'A', 0.913]
[102, 682, 11, 17, 'note', 'A', 0.913]
[137, 1476, 11, 17, 'note', 'A', 0.913]
[347, 1052, 11, 17, 'note', 'A', 0.913]
[359, 1644, 11, 17, 'note', 'A', 0.913]
[172, 672, 11, 17, 'note', 'A', 0.913]
[200, 1232, 11, 17, 'note', 'A', 0.913]
[106, 1163, 11, 17, 'note', 'A', 0.913]
[359, 1646, 11, 17, 'note', 'A', 0.913]
[266, 2, 11, 17, 'note', 'A', 0.913]
[342, 996, 11, 17, 'note', 'A', 0.913]
[103, 246, 11, 17, 'note', 'A', 0.913]
[89, 397, 11, 17, 'note', 'A', 0.913]
[319, 1226, 11, 17, 'note', 'A', 0.913]
[349, 1593, 11, 17, 'note', 'A', 0.913]
[347, 197, 11, 17, 'note', 'A', 0.913]
[199, 1641, 11, 17, 'note', 'A', 0.913]
[104, 221, 11, 17, 'note', 'A', 0.913]
[147, 1266, 11, 17, 'note', 'A', 0.913]
[193, 642, 11, 17, 'note', 'A', 0.913]
[62, 51, 11, 17, 'note', 'A', 0.913]
[67, 49, 11, 17, 'note', 'A', 0.913]
[105, 344, 11, 17, 'note', 'A', 0.913]
[348, 193, 11, 17, 'note', 'A', 0.913]
[138, 1477, 11, 17, 'note', 'A', 0.913]
[89, 294, 11, 17, 'note', 'A', 0.913]
[110, 1369, 11, 17, 'note', 'A', 0.913]
[138, 858, 11, 17, 'note', 'A', 0.913]
[303, 735, 11, 17, 'note', 'A', 0.913]
[255, 4, 11, 17, 'note', 'A', 0.913]
[301, 1100, 11, 17, 'note', 'A', 0.913]
[250, 6, 11, 17, 'note', 'A', 0.913]
[348, 242, 11, 17, 'note', 'A', 0.913]
[344, 1509, 11, 17, 'note', 'A', 0.913]
[149, 1266, 11, 17, 'note', 'A', 0.913]
[284, 809, 11, 17, 'note', 'A', 0.913]
[355, 1318, 11, 17, 'note', 'A', 0.913]
[297, 1330, 11, 17, 'note', 'A', 0.913]
[332, 918, 11, 17, 'note', 'A', 0.913]
[222, 1215, 11, 17, 'note', 'A', 0.913]
[180, 1163, 11, 17, 'note', 'A', 0.913]
[182, 1361, 11, 17, 'note', 'A', 0.913]
[147, 1555, 11, 17, 'note', 'A', 0.913]
[148, 1451, 11, 17, 'note', 'A', 0.913]
[154, 246, 11, 17, 'note', 'A', 0.913]
[146, 1369, 11, 17, 'note', 'A', 0.913]
[196, 512, 11, 17, 'note', 'A', 0.913]
[147, 1164, 11, 17, 'note', 'A', 0.913]
[358, 1100, 11, 17, 'note', 'A', 0.913]
[105, 244, 11, 17, 'note', 'A', 0.913]
[84, 297, 11, 17, 'note', 'A', 0.913]
[311, 522, 11, 17, 'note', 'A', 0.913]
[153, 1055, 11, 17, 'note', 'A', 0.913]
[142, 441, 11, 17, 'note', 'A', 0.913]
[355, 1650, 11, 17, 'note', 'A', 0.913]
[357, 293, 11, 17, 'note', 'A', 0.913]
[87, 1249, 11, 17, 'note', 'A', 0.913]
[341, 998, 11, 17, 'note', 'A', 0.913]
[106, 1168, 11, 17, 'note', 'A', 0.913]
[156, 339, 11, 17, 'note', 'A', 0.913]
[356, 1650, 11, 17, 'note', 'A', 0.913]
[262, 818, 11, 17, 'note', 'A', 0.913]
[251, 735, 11, 17, 'note', 'A', 0.913]
[299, 395, 11, 17, 'note', 'A', 0.913]
[330, 480, 11, 17, 'note', 'A', 0.913]
[259, 1227, 11, 17, 'note', 'A', 0.913]
[261, 818, 11, 17, 'note', 'A', 0.913]
[139, 1473, 11, 17, 'note', 'A', 0.913]
[171, 1641, 11, 17, 'note', 'A', 0.913]
[303, 1646, 11, 17, 'note', 'A', 0.913]
[301, 1646, 11, 17, 'note', 'A', 0.913]
[150, 1549, 11, 17, 'note', 'A', 0.913]
[140, 768, 11, 17, 'note', 'A', 0.913]
[245, 640, 11, 17, 'note', 'A', 0.913]
[335, 1415, 11, 17, 'note', 'A', 0.913]
[352, 1224, 11, 17, 'note', 'A', 0.913]
[291, 1046, 11, 17, 'note', 'A', 0.913]
[260, 1224, 11, 17, 'note', 'A', 0.913]
[141, 441, 11, 17, 'note', 'A', 0.913]
[336, 1004, 11, 17, 'note', 'A', 0.913]
[68, 48, 11, 17, 'note', 'A', 0.913]
[350, 239, 11, 17, 'note', 'A', 0.913]
[251, 5, 11, 17, 'note', 'A', 0.913]
[86, 442, 11, 17, 'note', 'A', 0.913]
[259, 4, 11, 17, 'note', 'A', 0.913]
[130, 880, 11, 17, 'note', 'A', 0.913]
[350, 1591, 11, 17, 'note', 'A', 0.913]
[90, 476, 11, 17, 'note', 'A', 0.913]
[150, 1360, 11, 17, 'note', 'A', 0.913]
[314, 1330, 11, 17, 'note', 'A', 0.913]
[102, 246, 11, 17, 'note', 'A', 0.913]
[348, 1595, 11, 17, 'note', 'A', 0.913]
[137, 775, 11, 17, 'note', 'A', 0.913]
[174, 672, 11, 17, 'note', 'A', 0.913]
[152, 1056, 11, 17, 'note', 'A', 0.913]
[155, 1731, 11, 17, 'note', 'A', 0.913]
[330, 921, 11, 17, 'note', 'A', 0.913]
[355, 400, 11, 17, 'note', 'A', 0.913]
[86, 295, 11, 17, 'note', 'A', 0.913]
[144, 1370, 11, 17, 'note', 'A', 0.913]
[269, 639, 11, 17, 'note', 'A', 0.913]
[127, 1641, 11, 17, 'note', 'A', 0.913]
[286, 639, 11, 17, 'note', 'A', 0.913]
[296, 1330, 11, 17, 'note', 'A', 0.913]
[151, 1549, 11, 17, 'note', 'A', 0.913]
[326, 808, 11, 17, 'note', 'A', 0.913]
[105, 1169, 11, 17, 'note', 'A', 0.913]
[154, 245, 11, 17, 'note', 'A', 0.913]
[299, 1769, 11, 17, 'note', 'A', 0.913]
[313, 1235, 11, 17, 'note', 'A', 0.913]
[338, 1004, 11, 17, 'note', 'A', 0.913]
[286, 592, 11, 17, 'note', 'A', 0.913]
[285, 56, 11, 17, 'note', 'A', 0.913]
[296, 1235, 11, 17, 'note', 'A', 0.913]
[355, 298, 11, 17, 'note', 'A', 0.913]
[60, 53, 11, 17, 'note', 'A', 0.913]
[352, 1652, 11, 17, 'note', 'A', 0.913]
[348, 1594, 11, 17, 'note', 'A', 0.913]
[136, 682, 11, 17, 'note', 'A', 0.913]
[151, 1057, 11, 17, 'note', 'A', 0.913]
[330, 1423, 11, 17, 'note', 'A', 0.913]
[345, 198, 11, 17, 'note', 'A', 0.913]
[107, 340, 11, 17, 'note', 'A', 0.913]
[116, 430, 11, 17, 'note', 'A', 0.913]
[345, 1055, 11, 17, 'note', 'A', 0.913]
[341, 996, 11, 17, 'note', 'A', 0.913]
[138, 1730, 11, 17, 'note', 'A', 0.913]
[279, 1236, 11, 17, 'note', 'A', 0.913]
[139, 1729, 11, 17, 'note', 'A', 0.913]
[144, 1278, 11, 17, 'note', 'A', 0.913]
[301, 291, 11, 17, 'note', 'A', 0.913]
[354, 402, 11, 17, 'note', 'A', 0.913]
[302, 1647, 11, 17, 'note', 'A', 0.913]
[144, 1558, 11, 17, 'note', 'A', 0.913]
[252, 1236, 11, 17, 'note', 'A', 0.913]
[280, 1329, 11, 17, 'note', 'A', 0.913]
[213, 628, 11, 17, 'note', 'A', 0.913]
[65, 49, 11, 17, 'note', 'A', 0.913]
[352, 1589, 11, 17, 'note', 'A', 0.913]
[134, 42, 11, 17, 'note', 'A', 0.913]
[102, 348, 11, 17, 'note', 'A', 0.913]
[102, 776, 11, 17, 'note', 'A', 0.913]
[287, 639, 11, 17, 'note', 'A', 0.913]
[300, 397, 11, 17, 'note', 'A', 0.913]
[334, 918, 11, 17, 'note', 'A', 0.913]
[133, 509, 11, 17, 'note', 'A', 0.913]
[61, 51, 11, 17, 'note', 'A', 0.913]
[203, 1229, 11, 17, 'note', 'A', 0.913]
[358, 1099, 11, 17, 'note', 'A', 0.913]
[119, 776, 11, 17, 'note', 'A', 0.913]
[195, 510, 11, 17, 'note', 'A', 0.913]
[301, 294, 11, 17, 'note', 'A', 0.913]
[175, 767, 11, 17, 'note', 'A', 0.913]
[165, 1651, 11, 17, 'note', 'A', 0.913]
[102, 349, 11, 17, 'note', 'A', 0.913]
[161, 1721, 11, 17, 'note', 'A', 0.913]
[86, 479, 11, 17, 'note', 'A', 0.913]
[87, 294, 11, 17, 'note', 'A', 0.913]
[346, 246, 11, 17, 'note', 'A', 0.913]
[369, 1687, 11, 17, 'note', 'A', 0.913]
[140, 40, 11, 17, 'note', 'A', 0.913]
[143, 440, 11, 17, 'note', 'A', 0.913]
[319, 818, 11, 17, 'note', 'A', 0.913]
[299, 1079, 11, 17, 'note', 'A', 0.913]
[212, 628, 11, 17, 'note', 'A', 0.913]
[369, 1683, 11, 17, 'note', 'A', 0.913]
[149, 1448, 11, 17, 'note', 'A', 0.913]
[155, 339, 11, 17, 'note', 'A', 0.913]
[191, 1044, 11, 17, 'note', 'A', 0.913]
[143, 1172, 11, 17, 'note', 'A', 0.913]
[248, 635, 11, 17, 'note', 'A', 0.913]
[348, 1053, 11, 17, 'note', 'A', 0.913]
[169, 872, 11, 17, 'note', 'A', 0.913]
[188, 338, 11, 17, 'note', 'A', 0.913]
[105, 242, 11, 17, 'note', 'A', 0.913]
[157, 1046, 11, 17, 'note', 'A', 0.913]
[195, 512, 11, 17, 'note', 'A', 0.913]
[107, 237, 11, 17, 'note', 'A', 0.913]
[138, 1475, 11, 17, 'note', 'A', 0.913]
[358, 806, 11, 17, 'note', 'A', 0.913]
[145, 1276, 11, 17, 'note', 'A', 0.913]
[245, 6, 11, 17, 'note', 'A', 0.913]
[160, 1722, 11, 17, 'note', 'A', 0.913]
[240, 208, 11, 17, 'note', 'A', 0.913]
[256, 4, 11, 17, 'note', 'A', 0.913]
[337, 1517, 11, 17, 'note', 'A', 0.913]
[347, 1595, 11, 17, 'note', 'A', 0.913]
[353, 298, 11, 17, 'note', 'A', 0.913]
[294, 53, 11, 17, 'note', 'A', 0.913]
[149, 1451, 11, 17, 'note', 'A', 0.913]
[109, 521, 11, 17, 'note', 'A', 0.913]
[331, 921, 11, 17, 'note', 'A', 0.913]
[356, 1099, 11, 17, 'note', 'A', 0.913]
[312, 522, 11, 17, 'note', 'A', 0.913]
[148, 1267, 11, 17, 'note', 'A', 0.913]
[133, 511, 11, 17, 'note', 'A', 0.913]
[161, 1722, 11, 17, 'note', 'A', 0.913]
[326, 807, 11, 17, 'note', 'A', 0.913]
[81, 1789, 11, 17, 'note', 'A', 0.913]
[148, 1448, 11, 17, 'note', 'A', 0.913]
[334, 914, 11, 17, 'note', 'A', 0.913]
[303, 1643, 11, 17, 'note', 'A', 0.913]
[279, 38, 11, 17, 'note', 'A', 0.913]
[264, 641, 11, 17, 'note', 'A', 0.913]
[284, 808, 11, 17, 'note', 'A', 0.913]
[183, 431, 11, 17, 'note', 'A', 0.913]
[103, 244, 11, 17, 'note', 'A', 0.913]
[303, 817, 11, 17, 'note', 'A', 0.913]
[317, 1226, 11, 17, 'note', 'A', 0.913]
[358, 295, 11, 17, 'note', 'A', 0.913]
[191, 623, 11, 17, 'note', 'A', 0.913]
[145, 1277, 11, 17, 'note', 'A', 0.913]
[257, 4, 11, 17, 'note', 'A', 0.913]
[135, 778, 11, 17, 'note', 'A', 0.913]
[146, 1558, 11, 17, 'note', 'A', 0.913]
[107, 1163, 11, 17, 'note', 'A', 0.913]
[135, 682, 11, 17, 'note', 'A', 0.913]
[279, 1237, 11, 17, 'note', 'A', 0.913]
[357, 1099, 11, 17, 'note', 'A', 0.913]
[164, 1652, 11, 17, 'note', 'A', 0.913]
[315, 710, 11, 17, 'note', 'A', 0.913]
[104, 1171, 11, 17, 'note', 'A', 0.913]
[197, 1641, 11, 17, 'note', 'A', 0.913]
[136, 777, 11, 17, 'note', 'A', 0.913]
[115, 1046, 11, 17, 'note', 'A', 0.913]
[105, 1167, 11, 17, 'note', 'A', 0.913]
[123, 1648, 11, 17, 'note', 'A', 0.913]
[148, 1361, 11, 17, 'note', 'A', 0.913]
[356, 1318, 11, 17, 'note', 'A', 0.913]
[148, 1266, 11, 17, 'note', 'A', 0.913]
[280, 38, 11, 17, 'note', 'A', 0.913]
[191, 641, 11, 17, 'note', 'A', 0.913]
[303, 1645, 11, 17, 'note', 'A', 0.913]
[140, 41, 11, 17, 'note', 'A', 0.913]
[104, 243, 11, 17, 'note', 'A', 0.913]
[358, 1101, 11, 17, 'note', 'A', 0.913]
[342, 998, 11, 17, 'note', 'A', 0.913]
[113, 1729, 11, 17, 'note', 'A', 0.913]
[350, 242, 11, 17, 'note', 'A', 0.913]
[132, 509, 11, 17, 'note', 'A', 0.913]
[90, 293, 11, 17, 'note', 'A', 0.913]
[250, 632, 11, 17, 'note', 'A', 0.913]
[298, 398, 11, 17, 'note', 'A', 0.913]
[107, 1164, 11, 17, 'note', 'A', 0.913]
[194, 511, 11, 17, 'note', 'A', 0.913]
[357, 394, 11, 17, 'note', 'A', 0.913]
[106, 339, 11, 17, 'note', 'A', 0.913]
[112, 1730, 11, 17, 'note', 'A', 0.913]
[249, 6, 11, 17, 'note', 'A', 0.913]
[317, 515, 11, 17, 'note', 'A', 0.913]
[182, 1267, 11, 17, 'note', 'A', 0.913]
[357, 1649, 11, 17, 'note', 'A', 0.913]
[86, 480, 11, 17, 'note', 'A', 0.913]
[53, 58, 11, 17, 'note', 'A', 0.913]
[118, 683, 11, 17, 'note', 'A', 0.913]
[238, 210, 11, 17, 'note', 'A', 0.913]
[347, 1596, 11, 17, 'note', 'A', 0.913]
[109, 1057, 11, 17, 'note', 'A', 0.913]
[120, 1652, 11, 17, 'note', 'A', 0.913]
[340, 1515, 11, 17, 'note', 'A', 0.913]
[109, 1370, 11, 17, 'note', 'A', 0.913]
[90, 395, 11, 17, 'note', 'A', 0.913]
[334, 915, 11, 17, 'note', 'A', 0.913]
[337, 1004, 11, 17, 'note', 'A', 0.913]
[145, 1171, 11, 17, 'note', 'A', 0.913]
[347, 1054, 11, 17, 'note', 'A', 0.913]
[138, 1731, 11, 17, 'note', 'A', 0.913]
[38, 411, 11, 17, 'note', 'A', 0.913]
[191, 1046, 11, 17, 'note', 'A', 0.913]
[108, 522, 11, 17, 'note', 'A', 0.913]
[106, 345, 11, 17, 'note', 'A', 0.913]
[358, 1649, 11, 17, 'note', 'A', 0.913]
[238, 209, 11, 17, 'note', 'A', 0.913]
[150, 431, 11, 17, 'note', 'A', 0.913]
[125, 1645, 11, 17, 'note', 'A', 0.913]
[305, 1443, 11, 17, 'note', 'A', 0.913]
[350, 1050, 11, 17, 'note', 'A', 0.913]
[189, 1046, 11, 17, 'note', 'A', 0.913]
[99, 188, 11, 17, 'note', 'A', 0.913]
[293, 1786, 11, 17, 'note', 'A', 0.913]
[191, 237, 11, 17, 'note', 'A', 0.913]
[145, 1370, 11, 17, 'note', 'A', 0.913]
[302, 1643, 11, 17, 'note', 'A', 0.913]
[283, 809, 11, 17, 'note', 'A', 0.913]
[359, 1099, 11, 17, 'note', 'A', 0.913]
[211, 607, 11, 17, 'note', 'A', 0.913]
[280, 816, 11, 17, 'note', 'A', 0.913]
[340, 1001, 11, 17, 'note', 'A', 0.913]
[106, 243, 11, 17, 'note', 'A', 0.913]
[136, 776, 11, 17, 'note', 'A', 0.913]
[178, 1467, 11, 17, 'note', 'A', 0.913]
[270, 639, 11, 17, 'note', 'A', 0.913]
[85, 296, 11, 17, 'note', 'A', 0.913]
[367, 1688, 11, 17, 'note', 'A', 0.913]
[357, 1643, 11, 17, 'note', 'A', 0.913]
[309, 630, 11, 17, 'note', 'A', 0.913]
[149, 1360, 11, 17, 'note', 'A', 0.913]
[161, 522, 11, 17, 'note', 'A', 0.913]
[163, 1652, 11, 17, 'note', 'A', 0.913]
[304, 1444, 11, 17, 'note', 'A', 0.913]
[350, 1225, 11, 17, 'note', 'A', 0.913]
[139, 855, 11, 17, 'note', 'A', 0.913]
[337, 1516, 11, 17, 'note', 'A', 0.913]
[340, 1514, 11, 17, 'note', 'A', 0.913]
[346, 198, 11, 17, 'note', 'A', 0.913]
[286, 735, 11, 17, 'note', 'A', 0.913]
[78, 35, 11, 17, 'note', 'A', 0.913]
[357, 296, 11, 17, 'note', 'A', 0.913]
[183, 1264, 11, 17, 'note', 'A', 0.913]
[316, 1327, 11, 17, 'note', 'A', 0.913]
[118, 963, 11, 17, 'note', 'A', 0.913]
[281, 36, 11, 17, 'note', 'A', 0.913]
[346, 245, 11, 17, 'note', 'A', 0.913]
[137, 1478, 11, 17, 'note', 'A', 0.913]
[270, 638, 11, 17, 'note', 'A', 0.913]
[282, 997, 11, 17, 'note', 'A', 0.913]
[198, 1640, 11, 17, 'note', 'A', 0.913]
[300, 1100, 11, 17, 'note', 'A', 0.913]
[136, 1479, 11, 17, 'note', 'A', 0.913]
[135, 777, 11, 17, 'note', 'A', 0.913]
[104, 1169, 11, 17, 'note', 'A', 0.913]
[129, 881, 11, 17, 'note', 'A', 0.913]
[368, 1687, 11, 17, 'note', 'A', 0.913]
[346, 1055, 11, 17, 'note', 'A', 0.913]
[134, 963, 11, 17, 'note', 'A', 0.913]
[167, 513, 11, 17, 'note', 'A', 0.913]
[294, 590, 11, 17, 'note', 'A', 0.913]
[193, 641, 11, 17, 'note', 'A', 0.913]
[106, 340, 11, 17, 'note', 'A', 0.913]
[301, 1647, 11, 17, 'note', 'A', 0.913]
[173, 672, 11, 17, 'note', 'A', 0.913]
[294, 55, 11, 17, 'note', 'A', 0.913]
[355, 1107, 11, 17, 'note', 'A', 0.913]
[88, 397, 11, 17, 'note', 'A', 0.913]
[108, 1277, 11, 17, 'note', 'A', 0.913]
[110, 1276, 11, 17, 'note', 'A', 0.913]
[299, 396, 11, 17, 'note', 'A', 0.913]
[332, 920, 11, 17, 'note', 'A', 0.913]
[349, 1048, 11, 17, 'note', 'A', 0.913]
[334, 1417, 11, 17, 'note', 'A', 0.913]
[356, 808, 11, 17, 'note', 'A', 0.913]
[125, 1277, 11, 17, 'note', 'A', 0.913]
[185, 338, 11, 17, 'note', 'A', 0.913]
[355, 401, 11, 17, 'note', 'A', 0.913]
[262, 817, 11, 17, 'note', 'A', 0.913]
[282, 996, 11, 17, 'note', 'A', 0.913]
[249, 635, 11, 17, 'note', 'A', 0.913]
[279, 818, 11, 17, 'note', 'A', 0.913]
[239, 208, 11, 17, 'note', 'A', 0.913]
[184, 1359, 11, 17, 'note', 'A', 0.913]
[104, 1170, 11, 17, 'note', 'A', 0.913]
[176, 951, 11, 17, 'note', 'A', 0.913]
[82, 33, 11, 17, 'note', 'A', 0.913]
[334, 1416, 11, 17, 'note', 'A', 0.913]
[86, 400, 11, 17, 'note', 'A', 0.913]
[168, 872, 11, 17, 'note', 'A', 0.913]
[281, 35, 11, 17, 'note', 'A', 0.913]
[202, 1228, 11, 17, 'note', 'A', 0.913]
[353, 1651, 11, 17, 'note', 'A', 0.913]
[86, 399, 11, 17, 'note', 'A', 0.913]
[333, 919, 11, 17, 'note', 'A', 0.913]
[181, 1360, 11, 17, 'note', 'A', 0.913]
[313, 521, 11, 17, 'note', 'A', 0.913]
[253, 734, 11, 17, 'note', 'A', 0.913]
[118, 777, 11, 17, 'note', 'A', 0.913]
[152, 247, 11, 17, 'note', 'A', 0.913]
[317, 1327, 11, 17, 'note', 'A', 0.913]
[331, 478, 11, 17, 'note', 'A', 0.913]
[349, 194, 11, 17, 'note', 'A', 0.913]
[103, 347, 11, 17, 'note', 'A', 0.913]
[153, 246, 11, 17, 'note', 'A', 0.913]
[331, 1422, 11, 17, 'note', 'A', 0.913]
[332, 1421, 11, 17, 'note', 'A', 0.913]
[333, 474, 11, 17, 'note', 'A', 0.913]
[269, 735, 11, 17, 'note', 'A', 0.913]
[341, 1001, 11, 17, 'note', 'A', 0.913]
[280, 817, 11, 17, 'note', 'A', 0.913]
[359, 395, 11, 17, 'note', 'A', 0.913]
[136, 961, 11, 17, 'note', 'A', 0.913]
[90, 290, 11, 17, 'note', 'A', 0.913]
[106, 1166, 11, 17, 'note', 'A', 0.913]
[348, 1051, 11, 17, 'note', 'A', 0.913]
[106, 343, 11, 17, 'note', 'A', 0.913]
[128, 882, 11, 17, 'note', 'A', 0.913]
[149, 432, 11, 17, 'note', 'A', 0.913]
[283, 814, 11, 17, 'note', 'A', 0.913]
[68, 47, 11, 17, 'note', 'A', 0.913]
[344, 1510, 11, 17, 'note', 'A', 0.913]
[121, 1652, 11, 17, 'note', 'A', 0.913]
[109, 883, 11, 17, 'note', 'A', 0.913]
[296, 52, 11, 17, 'note', 'A', 0.913]
[281, 816, 11, 17, 'note', 'A', 0.913]
[86, 30, 11, 17, 'note', 'A', 0.913]
[299, 1080, 11, 17, 'note', 'A', 0.913]
[263, 1330, 11, 17, 'note', 'A', 0.913]
[123, 1650, 11, 17, 'note', 'A', 0.913]
[66, 49, 11, 17, 'note', 'A', 0.913]
[309, 628, 11, 17, 'note', 'A', 0.913]
[167, 872, 11, 17, 'note', 'A', 0.913]
[192, 643, 11, 17, 'note', 'A', 0.913]
[359, 397, 11, 17, 'note', 'A', 0.913]
[87, 295, 11, 17, 'note', 'A', 0.913]
[300, 1103, 11, 17, 'note', 'A', 0.913]
[316, 708, 11, 17, 'note', 'A', 0.913]
[361, 1646, 11, 17, 'note', 'A', 0.913]
[84, 30, 11, 17, 'note', 'A', 0.913]
[339, 1515, 11, 17, 'note', 'A', 0.913]
[315, 1328, 11, 17, 'note', 'A', 0.913]
[341, 1513, 11, 17, 'note', 'A', 0.913]
[283, 813, 11, 17, 'note', 'A', 0.913]
[354, 1651, 11, 17, 'note', 'A', 0.913]
[310, 628, 11, 17, 'note', 'A', 0.913]
[344, 1511, 11, 17, 'note', 'A', 0.913]
[301, 292, 11, 17, 'note', 'A', 0.913]
[93, 197, 11, 17, 'note', 'A', 0.913]
[258, 4, 11, 17, 'note', 'A', 0.913]
[336, 1517, 11, 17, 'note', 'A', 0.913]
[143, 1371, 11, 17, 'note', 'A', 0.913]
[291, 1786, 11, 17, 'note', 'A', 0.913]
[366, 1690, 11, 17, 'note', 'A', 0.913]
[347, 195, 11, 17, 'note', 'A', 0.913]
[87, 478, 11, 17, 'note', 'A', 0.913]
[88, 293, 11, 17, 'note', 'A', 0.913]
[282, 815, 11, 17, 'note', 'A', 0.913]
[190, 1046, 11, 17, 'note', 'A', 0.913]
[177, 951, 11, 17, 'note', 'A', 0.913]
[167, 512, 11, 17, 'note', 'A', 0.913]
[174, 671, 11, 17, 'note', 'A', 0.913]
[341, 1508, 11, 17, 'note', 'A', 0.913]
[351, 1591, 11, 17, 'note', 'A', 0.913]
[318, 1226, 11, 17, 'note', 'A', 0.913]
[102, 1173, 11, 17, 'note', 'A', 0.913]
[124, 1647, 11, 17, 'note', 'A', 0.913]
[344, 628, 11, 17, 'note', 'A', 0.913]
[186, 1547, 11, 17, 'note', 'A', 0.913]
[253, 1236, 11, 17, 'note', 'A', 0.913]
[109, 522, 11, 17, 'note', 'A', 0.913]
[359, 806, 11, 17, 'note', 'A', 0.913]
[107, 339, 11, 17, 'note', 'A', 0.913]
[106, 241, 11, 17, 'note', 'A', 0.913]
[139, 858, 11, 17, 'note', 'A', 0.913]
[340, 1002, 11, 17, 'note', 'A', 0.913]
[182, 1359, 11, 17, 'note', 'A', 0.913]
[125, 1647, 11, 17, 'note', 'A', 0.913]
[183, 429, 11, 17, 'note', 'A', 0.913]
[316, 518, 11, 17, 'note', 'A', 0.913]
[359, 1643, 11, 17, 'note', 'A', 0.913]
[333, 476, 11, 17, 'note', 'A', 0.913]
[350, 191, 11, 17, 'note', 'A', 0.913]
[359, 1648, 11, 17, 'note', 'A', 0.913]
[135, 42, 11, 17, 'note', 'A', 0.913]
[115, 1045, 11, 17, 'note', 'A', 0.913]
[356, 1106, 11, 17, 'note', 'A', 0.913]
[167, 1642, 11, 17, 'note', 'A', 0.913]
[103, 1172, 11, 17, 'note', 'A', 0.913]
[88, 477, 11, 17, 'note', 'A', 0.913]
[148, 1449, 11, 17, 'note', 'A', 0.913]
[122, 1651, 11, 17, 'note', 'A', 0.913]
[132, 511, 11, 17, 'note', 'A', 0.913]
[359, 396, 11, 17, 'note', 'A', 0.913]
[287, 638, 11, 17, 'note', 'A', 0.913]
[338, 1516, 11, 17, 'note', 'A', 0.913]
[292, 1046, 11, 17, 'note', 'A', 0.913]
[36, 411, 11, 17, 'note', 'A', 0.913]
[135, 41, 11, 17, 'note', 'A', 0.913]
[193, 620, 11, 17, 'note', 'A', 0.913]
[177, 1467, 11, 17, 'note', 'A', 0.913]
[126, 884, 11, 17, 'note', 'A', 0.913]
[102, 1172, 11, 17, 'note', 'A', 0.913]
[147, 1557, 11, 17, 'note', 'A', 0.913]
[292, 1045, 11, 17, 'note', 'A', 0.913]
[249, 632, 11, 17, 'note', 'A', 0.913]
[353, 402, 11, 17, 'note', 'A', 0.913]
[355, 1106, 11, 17, 'note', 'A', 0.913]
[106, 1164, 11, 17, 'note', 'A', 0.913]
[121, 1651, 11, 17, 'note', 'A', 0.913]
[88, 398, 11, 17, 'note', 'A', 0.913]
[370, 1683, 11, 17, 'note', 'A', 0.913]
[312, 521, 11, 17, 'note', 'A', 0.913]
[104, 220, 11, 17, 'note', 'A', 0.913]
[186, 337, 11, 17, 'note', 'A', 0.913]
[346, 197, 11, 17, 'note', 'A', 0.913]
[87, 398, 11, 17, 'note', 'A', 0.913]
[368, 1688, 11, 17, 'note', 'A', 0.913]
[359, 394, 11, 17, 'note', 'A', 0.913]
[356, 1105, 11, 17, 'note', 'A', 0.913]
[320, 818, 11, 17, 'note', 'A', 0.913]
[342, 1512, 11, 17, 'note', 'A', 0.913]
[180, 431, 11, 17, 'note', 'A', 0.913]
[270, 735, 11, 17, 'note', 'A', 0.913]
[116, 1045, 11, 17, 'note', 'A', 0.913]
[68, 46, 11, 17, 'note', 'A', 0.913]
[101, 777, 11, 17, 'note', 'A', 0.913]
[310, 629, 11, 17, 'note', 'A', 0.913]
[248, 637, 11, 17, 'note', 'A', 0.913]
[160, 522, 11, 17, 'note', 'A', 0.913]
[360, 1647, 11, 17, 'note', 'A', 0.913]
[351, 1588, 11, 17, 'note', 'A', 0.913]
[249, 634, 11, 17, 'note', 'A', 0.913]
[314, 520, 11, 17, 'note', 'A', 0.913]
[358, 1643, 11, 17, 'note', 'A', 0.913]
[203, 1228, 11, 17, 'note', 'A', 0.913]
[136, 1478, 11, 17, 'note', 'A', 0.913]
[279, 817, 11, 17, 'note', 'A', 0.913]
[351, 1224, 11, 17, 'note', 'A', 0.913]
[103, 348, 11, 17, 'note', 'A', 0.913]
[103, 1171, 11, 17, 'note', 'A', 0.913]
[331, 1423, 11, 17, 'note', 'A', 0.913]
[342, 997, 11, 17, 'note', 'A', 0.913]
[331, 479, 11, 17, 'note', 'A', 0.913]
[282, 998, 11, 17, 'note', 'A', 0.913]
[67, 48, 11, 17, 'note', 'A', 0.913]
[356, 400, 11, 17, 'note', 'A', 0.913]
[342, 1000, 11, 17, 'note', 'A', 0.913]
[370, 1685, 11, 17, 'note', 'A', 0.913]
[74, 40, 11, 17, 'note', 'A', 0.913]
[316, 707, 11, 17, 'note', 'A', 0.913]
[181, 1267, 11, 17, 'note', 'A', 0.913]
[168, 1641, 11, 17, 'note', 'A', 0.913]
[348, 194, 11, 17, 'note', 'A', 0.913]
[359, 1100, 11, 17, 'note', 'A', 0.913]
[83, 31, 11, 17, 'note', 'A', 0.913]
[200, 1231, 11, 17, 'note', 'A', 0.913]
[356, 399, 11, 17, 'note', 'A', 0.913]
[341, 999, 11, 17, 'note', 'A', 0.913]
[334, 917, 11, 17, 'note', 'A', 0.913]
[149, 1450, 11, 17, 'note', 'A', 0.913]
[333, 477, 11, 17, 'note', 'A', 0.913]
[83, 33, 11, 17, 'note', 'A', 0.913]
[354, 401, 11, 17, 'note', 'A', 0.913]
[89, 474, 11, 17, 'note', 'A', 0.913]
[248, 636, 11, 17, 'note', 'A', 0.913]
[333, 1420, 11, 17, 'note', 'A', 0.913]
[149, 1164, 11, 17, 'note', 'A', 0.913]
[127, 883, 11, 17, 'note', 'A', 0.913]
[339, 1003, 11, 17, 'note', 'A', 0.913]
[188, 337, 11, 17, 'note', 'A', 0.913]
[246, 638, 11, 17, 'note', 'A', 0.913]
[283, 997, 11, 17, 'note', 'A', 0.913]
[135, 962, 11, 17, 'note', 'A', 0.913]
[148, 1452, 11, 17, 'note', 'A', 0.913]
[343, 1509, 11, 17, 'note', 'A', 0.913]
[110, 521, 11, 17, 'note', 'A', 0.913]
[86, 31, 11, 17, 'note', 'A', 0.913]
[302, 1644, 11, 17, 'note', 'A', 0.913]
[360, 1643, 11, 17, 'note', 'A', 0.913]
[148, 1554, 11, 17, 'note', 'A', 0.913]
[197, 509, 11, 17, 'note', 'A', 0.913]
[246, 6, 11, 17, 'note', 'A', 0.913]
[108, 883, 11, 17, 'note', 'A', 0.913]
[192, 641, 11, 17, 'note', 'A', 0.913]
[104, 346, 11, 17, 'note', 'A', 0.913]
[170, 1641, 11, 17, 'note', 'A', 0.913]
[182, 429, 11, 17, 'note', 'A', 0.913]
[280, 35, 11, 17, 'note', 'A', 0.913]
[350, 240, 11, 17, 'note', 'A', 0.913]
[190, 621, 11, 17, 'note', 'A', 0.913]
[166, 512, 11, 17, 'note', 'A', 0.913]
[358, 398, 11, 17, 'note', 'A', 0.913]
[66, 48, 11, 17, 'note', 'A', 0.913]
[190, 1045, 11, 17, 'note', 'A', 0.913]
[175, 952, 11, 17, 'note', 'A', 0.913]
[166, 513, 11, 17, 'note', 'A', 0.913]
[350, 192, 11, 17, 'note', 'A', 0.913]
[178, 1466, 11, 17, 'note', 'A', 0.913]
[78, 36, 11, 17, 'note', 'A', 0.913]
[149, 1553, 11, 17, 'note', 'A', 0.913]
[246, 639, 11, 17, 'note', 'A', 0.913]
[347, 245, 11, 17, 'note', 'A', 0.913]
[148, 432, 11, 17, 'note', 'A', 0.913]
[137, 40, 11, 17, 'note', 'A', 0.913]
[247, 6, 11, 17, 'note', 'A', 0.913]
[349, 1047, 11, 17, 'note', 'A', 0.913]
[116, 1044, 11, 17, 'note', 'A', 0.913]
[349, 1051, 11, 17, 'note', 'A', 0.913]
[292, 1786, 11, 17, 'note', 'A', 0.913]
[254, 1235, 11, 17, 'note', 'A', 0.913]
[145, 1558, 11, 17, 'note', 'A', 0.913]
[85, 32, 11, 17, 'note', 'A', 0.913]
[144, 1172, 11, 17, 'note', 'A', 0.913]
[135, 683, 11, 17, 'note', 'A', 0.913]
[133, 510, 11, 17, 'note', 'A', 0.913]
[87, 399, 11, 17, 'note', 'A', 0.913]
[358, 1104, 11, 17, 'note', 'A', 0.913]
[315, 519, 11, 17, 'note', 'A', 0.913]
[248, 6, 11, 17, 'note', 'A', 0.913]
[150, 1361, 11, 17, 'note', 'A', 0.913]
[282, 813, 11, 17, 'note', 'A', 0.913]
[359, 807, 11, 17, 'note', 'A', 0.913]
[300, 292, 11, 17, 'note', 'A', 0.913]
[341, 997, 11, 17, 'note', 'A', 0.913]
[282, 999, 11, 17, 'note', 'A', 0.913]
[348, 244, 11, 17, 'note', 'A', 0.913]
[350, 241, 11, 17, 'note', 'A', 0.913]
[177, 952, 11, 17, 'note', 'A', 0.913]
[342, 1508, 11, 17, 'note', 'A', 0.913]
[213, 627, 11, 17, 'note', 'A', 0.913]
[354, 298, 11, 17, 'note', 'A', 0.913]
[334, 1418, 11, 17, 'note', 'A', 0.913]
[301, 1101, 11, 17, 'note', 'A', 0.913]
[191, 620, 11, 17, 'note', 'A', 0.913]
[247, 638, 11, 17, 'note', 'A', 0.913]
[192, 622, 11, 17, 'note', 'A', 0.913]
[283, 998, 11, 17, 'note', 'A', 0.913]
[132, 510, 11, 17, 'note', 'A', 0.913]
[357, 291, 11, 17, 'note', 'A', 0.913]
[192, 236, 11, 17, 'note', 'A', 0.913]
[103, 245, 11, 17, 'note', 'A', 0.913]
[139, 42, 11, 17, 'note', 'A', 0.913]
[61, 52, 11, 17, 'note', 'A', 0.913]
[335, 1419, 11, 17, 'note', 'A', 0.913]
[60, 52, 11, 17, 'note', 'A', 0.913]
[259, 1225, 11, 17, 'note', 'A', 0.913]
[108, 1057, 11, 17, 'note', 'A', 0.913]
[356, 297, 11, 17, 'note', 'A', 0.913]
[332, 478, 11, 17, 'note', 'A', 0.913]
[358, 1102, 11, 17, 'note', 'A', 0.913]
[367, 1689, 11, 17, 'note', 'A', 0.913]
[139, 1474, 11, 17, 'note', 'A', 0.913]
[109, 1277, 11, 17, 'note', 'A', 0.913]
[361, 1643, 11, 17, 'note', 'A', 0.913]
[140, 1472, 11, 17, 'note', 'A', 0.913]
[89, 396, 11, 17, 'note', 'A', 0.913]
[331, 920, 11, 17, 'note', 'A', 0.913]
[334, 1420, 11, 17, 'note', 'A', 0.913]
[127, 884, 11, 17, 'note', 'A', 0.913]
[357, 398, 11, 17, 'note', 'A', 0.913]
[183, 430, 11, 17, 'note', 'A', 0.913]
[105, 346, 11, 17, 'note', 'A', 0.913]
[339, 1002, 11, 17, 'note', 'A', 0.913]
[334, 916, 11, 17, 'note', 'A', 0.913]
[143, 1278, 11, 17, 'note', 'A', 0.913]
[182, 1162, 11, 17, 'note', 'A', 0.913]
[89, 477, 11, 17, 'note', 'A', 0.913]
[313, 520, 11, 17, 'note', 'A', 0.913]
[314, 519, 11, 17, 'note', 'A', 0.913]
[89, 291, 11, 17, 'note', 'A', 0.913]
[346, 1054, 11, 17, 'note', 'A', 0.913]
[197, 511, 11, 17, 'note', 'A', 0.913]
[317, 516, 11, 17, 'note', 'A', 0.913]
[351, 1225, 11, 17, 'note', 'A', 0.913]
[349, 243, 11, 17, 'note', 'A', 0.913]
[200, 1230, 11, 17, 'note', 'A', 0.913]
[359, 1103, 11, 17, 'note', 'A', 0.913]
[304, 817, 11, 17, 'note', 'A', 0.913]
[149, 1449, 11, 17, 'note', 'A', 0.913]
[344, 1508, 11, 17, 'note', 'A', 0.913]
[88, 478, 11, 17, 'note', 'A', 0.913]
[37, 411, 11, 17, 'note', 'A', 0.913]
[283, 999, 11, 17, 'note', 'A', 0.913]
[282, 1000, 11, 17, 'note', 'A', 0.913]
[124, 1648, 11, 17, 'note', 'A', 0.913]
[125, 1646, 11, 17, 'note', 'A', 0.913]
[357, 292, 11, 17, 'note', 'A', 0.913]
[105, 345, 11, 17, 'note', 'A', 0.913]
[198, 1641, 11, 17, 'note', 'A', 0.913]
[342, 999, 11, 17, 'note', 'A', 0.913]
[358, 395, 11, 17, 'note', 'A', 0.913]
[183, 1266, 11, 17, 'note', 'A', 0.913]
[349, 1049, 11, 17, 'note', 'A', 0.913]
[190, 623, 11, 17, 'note', 'A', 0.913]
[358, 394, 11, 17, 'note', 'A', 0.913]
[67, 47, 11, 17, 'note', 'A', 0.913]
[347, 244, 11, 17, 'note', 'A', 0.913]
[357, 1104, 11, 17, 'note', 'A', 0.913]
[170, 1642, 11, 17, 'note', 'A', 0.913]
[357, 294, 11, 17, 'note', 'A', 0.913]
[109, 1056, 11, 17, 'note', 'A', 0.913]
[149, 1554, 11, 17, 'note', 'A', 0.913]
[139, 1475, 11, 17, 'note', 'A', 0.913]
[315, 1329, 11, 17, 'note', 'A', 0.913]
[332, 477, 11, 17, 'note', 'A', 0.913]
[300, 394, 11, 17, 'note', 'A', 0.913]
[240, 209, 11, 17, 'note', 'A', 0.913]
[338, 1003, 11, 17, 'note', 'A', 0.913]
[137, 1477, 11, 17, 'note', 'A', 0.913]
[357, 1105, 11, 17, 'note', 'A', 0.913]
[369, 1686, 11, 17, 'note', 'A', 0.913]
[349, 240, 11, 17, 'note', 'A', 0.913]
[350, 1049, 11, 17, 'note', 'A', 0.913]
[106, 242, 11, 17, 'note', 'A', 0.913]
[357, 399, 11, 17, 'note', 'A', 0.913]
[106, 1167, 11, 17, 'note', 'A', 0.913]
[182, 1161, 11, 17, 'note', 'A', 0.913]
[333, 475, 11, 17, 'note', 'A', 0.913]
[350, 1048, 11, 17, 'note', 'A', 0.913]
[300, 396, 11, 17, 'note', 'A', 0.913]
[201, 1229, 11, 17, 'note', 'A', 0.913]
[129, 882, 11, 17, 'note', 'A', 0.913]
[90, 474, 11, 17, 'note', 'A', 0.913]
[283, 996, 11, 17, 'note', 'A', 0.913]
[358, 291, 11, 17, 'note', 'A', 0.913]
[292, 1787, 11, 17, 'note', 'A', 0.913]
[358, 293, 11, 17, 'note', 'A', 0.913]
[85, 30, 11, 17, 'note', 'A', 0.913]
[148, 1555, 11, 17, 'note', 'A', 0.913]
[106, 344, 11, 17, 'note', 'A', 0.913]
[201, 1231, 11, 17, 'note', 'A', 0.913]
[281, 815, 11, 17, 'note', 'A', 0.913]
[247, 637, 11, 17, 'note', 'A', 0.913]
[202, 1230, 11, 17, 'note', 'A', 0.913]
[317, 1512, 11, 17, 'note', 'A', 0.913]
[348, 243, 11, 17, 'note', 'A', 0.913]
[87, 479, 11, 17, 'note', 'A', 0.913]
[88, 294, 11, 17, 'note', 'A', 0.913]
[259, 1226, 11, 17, 'note', 'A', 0.913]
[260, 1226, 11, 17, 'note', 'A', 0.913]
[138, 1476, 11, 17, 'note', 'A', 0.913]
[187, 338, 11, 17, 'note', 'A', 0.913]
[144, 1277, 11, 17, 'note', 'A', 0.913]
[358, 808, 11, 17, 'note', 'A', 0.913]
[316, 515, 11, 17, 'note', 'A', 0.913]
[90, 475, 11, 17, 'note', 'A', 0.913]
[239, 210, 11, 17, 'note', 'A', 0.913]
[335, 1416, 11, 17, 'note', 'A', 0.913]
[296, 53, 11, 17, 'note', 'A', 0.913]
[105, 1168, 11, 17, 'note', 'A', 0.913]
[354, 1107, 11, 17, 'note', 'A', 0.913]
[212, 607, 11, 17, 'note', 'A', 0.913]
[332, 1422, 11, 17, 'note', 'A', 0.913]
[342, 1513, 11, 17, 'note', 'A', 0.913]
[301, 293, 11, 17, 'note', 'A', 0.913]
[316, 1328, 11, 17, 'note', 'A', 0.913]
[348, 195, 11, 17, 'note', 'A', 0.913]
[191, 1045, 11, 17, 'note', 'A', 0.913]
[169, 1641, 11, 17, 'note', 'A', 0.913]
[317, 1511, 11, 17, 'note', 'A', 0.913]
[122, 1650, 11, 17, 'note', 'A', 0.913]
[315, 518, 11, 17, 'note', 'A', 0.913]
[356, 296, 11, 17, 'note', 'A', 0.913]
[333, 916, 11, 17, 'note', 'A', 0.913]
[90, 291, 11, 17, 'note', 'A', 0.913]
[333, 1421, 11, 17, 'note', 'A', 0.913]
[343, 1510, 11, 17, 'note', 'A', 0.913]
[202, 1229, 11, 17, 'note', 'A', 0.913]
[279, 36, 11, 17, 'note', 'A', 0.913]
[355, 297, 11, 17, 'note', 'A', 0.913]
[90, 292, 11, 17, 'note', 'A', 0.913]
[191, 643, 11, 17, 'note', 'A', 0.913]
[348, 1052, 11, 17, 'note', 'A', 0.913]
[294, 54, 11, 17, 'note', 'A', 0.913]
[316, 709, 11, 17, 'note', 'A', 0.913]
[298, 1080, 11, 17, 'note', 'A', 0.913]
[90, 394, 11, 17, 'note', 'A', 0.913]
[299, 397, 11, 17, 'note', 'A', 0.913]
[139, 856, 11, 17, 'note', 'A', 0.913]
[357, 807, 11, 17, 'note', 'A', 0.913]
[359, 1647, 11, 17, 'note', 'A', 0.913]
[357, 808, 11, 17, 'note', 'A', 0.913]
[358, 1648, 11, 17, 'note', 'A', 0.913]
[347, 1053, 11, 17, 'note', 'A', 0.913]
[349, 191, 11, 17, 'note', 'A', 0.913]
[148, 431, 11, 17, 'note', 'A', 0.913]
[140, 1473, 11, 17, 'note', 'A', 0.913]
[104, 347, 11, 17, 'note', 'A', 0.913]
[149, 431, 11, 17, 'note', 'A', 0.913]
[335, 1418, 11, 17, 'note', 'A', 0.913]
[190, 622, 11, 17, 'note', 'A', 0.913]
[149, 1163, 11, 17, 'note', 'A', 0.913]
[341, 1514, 11, 17, 'note', 'A', 0.913]
[147, 1556, 11, 17, 'note', 'A', 0.913]
[260, 1225, 11, 17, 'note', 'A', 0.913]
[105, 243, 11, 17, 'note', 'A', 0.913]
[176, 952, 11, 17, 'note', 'A', 0.913]
[125, 1643, 11, 17, 'note', 'A', 0.913]
[333, 918, 11, 17, 'note', 'A', 0.913]
[149, 1361, 11, 17, 'note', 'A', 0.913]
[316, 710, 11, 17, 'note', 'A', 0.913]
[128, 883, 11, 17, 'note', 'A', 0.913]
[347, 196, 11, 17, 'note', 'A', 0.913]
[360, 1644, 11, 17, 'note', 'A', 0.913]
[148, 1163, 11, 17, 'note', 'A', 0.913]
[309, 629, 11, 17, 'note', 'A', 0.913]
[127, 1643, 11, 17, 'note', 'A', 0.913]
[183, 1265, 11, 17, 'note', 'A', 0.913]
[192, 621, 11, 17, 'note', 'A', 0.913]
[343, 1511, 11, 17, 'note', 'A', 0.913]
[343, 1512, 11, 17, 'note', 'A', 0.913]
[123, 1649, 11, 17, 'note', 'A', 0.913]
[351, 1590, 11, 17, 'note', 'A', 0.913]
[181, 1162, 11, 17, 'note', 'A', 0.913]
[104, 244, 11, 17, 'note', 'A', 0.913]
[136, 42, 11, 17, 'note', 'A', 0.913]
[332, 919, 11, 17, 'note', 'A', 0.913]
[192, 642, 11, 17, 'note', 'A', 0.913]
[187, 337, 11, 17, 'note', 'A', 0.913]
[74, 38, 11, 17, 'note', 'A', 0.913]
[76, 36, 11, 17, 'note', 'A', 0.913]
[349, 1050, 11, 17, 'note', 'A', 0.913]
[369, 1684, 11, 17, 'note', 'A', 0.913]
[350, 1047, 11, 17, 'note', 'A', 0.913]
[279, 37, 11, 17, 'note', 'A', 0.913]
[341, 1000, 11, 17, 'note', 'A', 0.913]
[282, 814, 11, 17, 'note', 'A', 0.913]
[181, 430, 11, 17, 'note', 'A', 0.913]
[148, 1164, 11, 17, 'note', 'A', 0.913]
[89, 293, 11, 17, 'note', 'A', 0.913]
[146, 1557, 11, 17, 'note', 'A', 0.913]
[351, 1589, 11, 17, 'note', 'A', 0.913]
[358, 294, 11, 17, 'note', 'A', 0.913]
[358, 1103, 11, 17, 'note', 'A', 0.913]
[197, 510, 11, 17, 'note', 'A', 0.913]
[358, 397, 11, 17, 'note', 'A', 0.913]
[343, 1508, 11, 17, 'note', 'A', 0.913]
[186, 338, 11, 17, 'note', 'A', 0.913]
[335, 1417, 11, 17, 'note', 'A', 0.913]
[349, 193, 11, 17, 'note', 'A', 0.913]
[300, 395, 11, 17, 'note', 'A', 0.913]
[139, 857, 11, 17, 'note', 'A', 0.913]
[192, 620, 11, 17, 'note', 'A', 0.913]
[361, 1644, 11, 17, 'note', 'A', 0.913]
[89, 476, 11, 17, 'note', 'A', 0.913]
[333, 917, 11, 17, 'note', 'A', 0.913]
[370, 1684, 11, 17, 'note', 'A', 0.913]
[89, 394, 11, 17, 'note', 'A', 0.913]
[183, 1359, 11, 17, 'note', 'A', 0.913]
[359, 1101, 11, 17, 'note', 'A', 0.913]
[195, 511, 11, 17, 'note', 'A', 0.913]
[369, 1685, 11, 17, 'note', 'A', 0.913]
[201, 1230, 11, 17, 'note', 'A', 0.913]
[83, 32, 11, 17, 'note', 'A', 0.913]
[302, 1645, 11, 17, 'note', 'A', 0.913]
[357, 295, 11, 17, 'note', 'A', 0.913]
[361, 1645, 11, 17, 'note', 'A', 0.913]
[358, 396, 11, 17, 'note', 'A', 0.913]
[358, 807, 11, 17, 'note', 'A', 0.913]
[183, 1360, 11, 17, 'note', 'A', 0.913]
[136, 41, 11, 17, 'note', 'A', 0.913]
[89, 292, 11, 17, 'note', 'A', 0.913]
[181, 1266, 11, 17, 'note', 'A', 0.913]
[295, 54, 11, 17, 'note', 'A', 0.913]
[191, 642, 11, 17, 'note', 'A', 0.913]
[334, 1419, 11, 17, 'note', 'A', 0.913]
[316, 516, 11, 17, 'note', 'A', 0.913]
[182, 1360, 11, 17, 'note', 'A', 0.913]
[182, 431, 11, 17, 'note', 'A', 0.913]
[360, 1646, 11, 17, 'note', 'A', 0.913]
[191, 622, 11, 17, 'note', 'A', 0.913]
[295, 53, 11, 17, 'note', 'A', 0.913]
[300, 1101, 11, 17, 'note', 'A', 0.913]
[358, 292, 11, 17, 'note', 'A', 0.913]
[89, 395, 11, 17, 'note', 'A', 0.913]
[169, 1642, 11, 17, 'note', 'A', 0.913]
[182, 430, 11, 17, 'note', 'A', 0.913]
[239, 209, 11, 17, 'note', 'A', 0.913]
[316, 517, 11, 17, 'note', 'A', 0.913]
[302, 1646, 11, 17, 'note', 'A', 0.913]
[89, 475, 11, 17, 'note', 'A', 0.913]
[75, 37, 11, 17, 'note', 'A', 0.913]
[127, 1642, 11, 17, 'note', 'A', 0.913]
[196, 510, 11, 17, 'note', 'A', 0.913]
[291, 1787, 11, 17, 'note', 'A', 0.913]
[168, 1642, 11, 17, 'note', 'A', 0.913]
[359, 1102, 11, 17, 'note', 'A', 0.913]
[191, 621, 11, 17, 'note', 'A', 0.913]
[75, 39, 11, 17, 'note', 'A', 0.913]
[349, 241, 11, 17, 'note', 'A', 0.913]
[300, 293, 11, 17, 'note', 'A', 0.913]
[84, 31, 11, 17, 'note', 'A', 0.913]
[360, 1645, 11, 17, 'note', 'A', 0.913]
[349, 242, 11, 17, 'note', 'A', 0.913]
[300, 1102, 11, 17, 'note', 'A', 0.913]
[84, 32, 11, 17, 'note', 'A', 0.913]
[85, 31, 11, 17, 'note', 'A', 0.913]
[126, 1642, 11, 17, 'note', 'A', 0.913]
[77, 37, 11, 17, 'note', 'A', 0.913]
[181, 431, 11, 17, 'note', 'A', 0.913]
[182, 1265, 11, 17, 'note', 'A', 0.913]
[74, 39, 11, 17, 'note', 'A', 0.913]
[182, 1266, 11, 17, 'note', 'A', 0.913]
[349, 192, 11, 17, 'note', 'A', 0.913]
[196, 511, 11, 17, 'note', 'A', 0.913]
[300, 294, 11, 17, 'note', 'A', 0.913]
[138, 40, 11, 17, 'note', 'A', 0.913]
[126, 1643, 11, 17, 'note', 'A', 0.913]
[280, 37, 11, 17, 'note', 'A', 0.913]
[76, 38, 11, 17, 'note', 'A', 0.913]
[77, 36, 11, 17, 'note', 'A', 0.913]
[137, 42, 11, 17, 'note', 'A', 0.913]
[280, 36, 11, 17, 'note', 'A', 0.913]
[139, 40, 11, 17, 'note', 'A', 0.913]
[137, 41, 11, 17, 'note', 'A', 0.913]
[138, 42, 11, 17, 'note', 'A', 0.913]
[75, 38, 11, 17, 'note', 'A', 0.913]
[139, 41, 11, 17, 'note', 'A', 0.913]
[76, 37, 11, 17, 'note', 'A', 0.913]
[138, 41, 11, 17, 'note', 'A', 0.913]
[25, 92, 29, 18, 'eighth rest', 'A', 0.976]
[362, 242, 29, 18, 'eighth rest', 'A', 0.976]
[346, 478, 29, 18, 'eighth rest', 'A', 0.976]
[24, 92, 29, 18, 'eighth rest', 'A', 0.976]
[362, 192, 29, 18, 'eighth rest', 'A', 0.976]
[364, 194, 29, 18, 'eighth rest', 'A', 0.976]
[345, 479, 29, 18, 'eighth rest', 'A', 0.976]
[344, 477, 29, 18, 'eighth rest', 'A', 0.976]
[363, 242, 29, 18, 'eighth rest', 'A', 0.976]
[364, 244, 29, 18, 'eighth rest', 'A', 0.976]
[362, 244, 29, 18, 'eighth rest', 'A', 0.976]
[364, 243, 29, 18, 'eighth rest', 'A', 0.976]
[363, 193, 29, 18, 'eighth rest', 'A', 0.976]
[363, 194, 29, 18, 'eighth rest', 'A', 0.976]
[344, 478, 29, 18, 'eighth rest', 'A', 0.976]
[345, 477, 29, 18, 'eighth rest', 'A', 0.976]
[362, 194, 29, 18, 'eighth rest', 'A', 0.976]
[363, 244, 29, 18, 'eighth rest', 'A', 0.976]
[362, 243, 29, 18, 'eighth rest', 'A', 0.976]
[362, 193, 29, 18, 'eighth rest', 'A', 0.976]
[363, 243, 29, 18, 'eighth rest', 'A', 0.976]
[345, 478, 29, 18, 'eighth rest', 'A', 0.976]
