[100, 1108, 11, 17, 'note', 'A', 0.899]
[233, 51, 11, 17, 'note', 'A', 0.899]
[247, 332, 11, 17, 'note', 'A', 0.899]
[238, 265, 11, 17, 'note', 'A', 0.899]
[51, 1248, 11, 17, 'note', 'A', 0.899]
[224, 566, 11, 17, 'note', 'A', 0.899]
[190, 507, 11, 17, 'note', 'A', 0.899]
[93, 236, 11, 17, 'note', 'A', 0.899]
[98, 448, 11, 17, 'note', 'A', 0.899]
[46, 290, 11, 17, 'note', 'A', 0.899]
[117, 772, 11, 17, 'note', 'A', 0.899]
[52, 1174, 11, 17, 'note', 'A', 0.899]
[56, 1333, 11, 17, 'note', 'A', 0.899]
[107, 728, 11, 17, 'note', 'A', 0.899]
[43, 1229, 11, 17, 'note', 'A', 0.899]
[59, 328, 11, 17, 'note', 'A', 0.899]
[88, 1131, 11, 17, 'note', 'A', 0.899]
[117, 1141, 11, 17, 'note', 'A', 0.899]
[43, 1273, 11, 17, 'note', 'A', 0.899]
[54, 333, 11, 17, 'note', 'A', 0.899]
[233, 52, 11, 17, 'note', 'A', 0.899]
[40, 823, 11, 17, 'note', 'A', 0.899]
[104, 239, 11, 17, 'note', 'A', 0.899]
[229, 55, 11, 17, 'note', 'A', 0.899]
[294, 211, 11, 17, 'note', 'A', 0.899]
[115, 781, 11, 17, 'note', 'A', 0.899]
[118, 709, 11, 17, 'note', 'A', 0.899]
[116, 781, 11, 17, 'note', 'A', 0.899]
[122, 754, 11, 17, 'note', 'A', 0.899]
[73, 981, 11, 17, 'note', 'A', 0.899]
[293, 442, 11, 17, 'note', 'A', 0.899]
[114, 785, 11, 17, 'note', 'A', 0.899]
[42, 899, 11, 17, 'note', 'A', 0.899]
[51, 1207, 11, 17, 'note', 'A', 0.899]
[91, 235, 11, 17, 'note', 'A', 0.899]
[69, 444, 11, 17, 'note', 'A', 0.899]
[117, 775, 11, 17, 'note', 'A', 0.899]
[111, 693, 11, 17, 'note', 'A', 0.899]
[287, 446, 11, 17, 'note', 'A', 0.899]
[133, 673, 11, 17, 'note', 'A', 0.899]
[51, 1247, 11, 17, 'note', 'A', 0.899]
[88, 755, 11, 17, 'note', 'A', 0.899]
[112, 796, 11, 17, 'note', 'A', 0.899]
[225, 567, 11, 17, 'note', 'A', 0.899]
[76, 55, 11, 17, 'note', 'A', 0.899]
[82, 286, 11, 17, 'note', 'A', 0.899]
[93, 235, 11, 17, 'note', 'A', 0.899]
[85, 755, 11, 17, 'note', 'A', 0.899]
[116, 710, 11, 17, 'note', 'A', 0.899]
[116, 782, 11, 17, 'note', 'A', 0.899]
[214, 564, 11, 17, 'note', 'A', 0.899]
[44, 899, 11, 17, 'note', 'A', 0.899]
[101, 448, 11, 17, 'note', 'A', 0.899]
[223, 567, 11, 17, 'note', 'A', 0.899]
[230, 55, 11, 17, 'note', 'A', 0.899]
[104, 729, 11, 17, 'note', 'A', 0.899]
[116, 1141, 11, 17, 'note', 'A', 0.899]
[133, 1060, 11, 17, 'note', 'A', 0.899]
[288, 448, 11, 17, 'note', 'A', 0.899]
[120, 1135, 11, 17, 'note', 'A', 0.899]
[79, 178, 11, 17, 'note', 'A', 0.899]
[50, 1339, 11, 17, 'note', 'A', 0.899]
[40, 1276, 11, 17, 'note', 'A', 0.899]
[87, 48, 11, 17, 'note', 'A', 0.899]
[130, 1065, 11, 17, 'note', 'A', 0.899]
[188, 506, 11, 17, 'note', 'A', 0.899]
[283, 381, 11, 17, 'note', 'A', 0.899]
[231, 53, 11, 17, 'note', 'A', 0.899]
[103, 537, 11, 17, 'note', 'A', 0.899]
[47, 288, 11, 17, 'note', 'A', 0.899]
[259, 442, 11, 17, 'note', 'A', 0.899]
[103, 1189, 11, 17, 'note', 'A', 0.899]
[89, 754, 11, 17, 'note', 'A', 0.899]
[225, 638, 11, 17, 'note', 'A', 0.899]
[231, 54, 11, 17, 'note', 'A', 0.899]
[51, 1294, 11, 17, 'note', 'A', 0.899]
[57, 331, 11, 17, 'note', 'A', 0.899]
[78, 291, 11, 17, 'note', 'A', 0.899]
[114, 787, 11, 17, 'note', 'A', 0.899]
[245, 331, 11, 17, 'note', 'A', 0.899]
[220, 511, 11, 17, 'note', 'A', 0.899]
[52, 333, 11, 17, 'note', 'A', 0.899]
[92, 181, 11, 17, 'note', 'A', 0.899]
[121, 706, 11, 17, 'note', 'A', 0.899]
[109, 729, 11, 17, 'note', 'A', 0.899]
[48, 1209, 11, 17, 'note', 'A', 0.899]
[68, 446, 11, 17, 'note', 'A', 0.899]
[286, 381, 11, 17, 'note', 'A', 0.899]
[47, 920, 11, 17, 'note', 'A', 0.899]
[47, 1315, 11, 17, 'note', 'A', 0.899]
[77, 534, 11, 17, 'note', 'A', 0.899]
[115, 784, 11, 17, 'note', 'A', 0.899]
[252, 382, 11, 17, 'note', 'A', 0.899]
[120, 1134, 11, 17, 'note', 'A', 0.899]
[219, 511, 11, 17, 'note', 'A', 0.899]
[46, 842, 11, 17, 'note', 'A', 0.899]
[41, 942, 11, 17, 'note', 'A', 0.899]
[39, 945, 11, 17, 'note', 'A', 0.899]
[250, 382, 11, 17, 'note', 'A', 0.899]
[72, 535, 11, 17, 'note', 'A', 0.899]
[110, 803, 11, 17, 'note', 'A', 0.899]
[43, 899, 11, 17, 'note', 'A', 0.899]
[118, 708, 11, 17, 'note', 'A', 0.899]
[57, 1334, 11, 17, 'note', 'A', 0.899]
[51, 1339, 11, 17, 'note', 'A', 0.899]
[43, 943, 11, 17, 'note', 'A', 0.899]
[83, 287, 11, 17, 'note', 'A', 0.899]
[84, 285, 11, 17, 'note', 'A', 0.899]
[46, 900, 11, 17, 'note', 'A', 0.899]
[49, 923, 11, 17, 'note', 'A', 0.899]
[113, 1087, 11, 17, 'note', 'A', 0.899]
[281, 384, 11, 17, 'note', 'A', 0.899]
[109, 728, 11, 17, 'note', 'A', 0.899]
[223, 58, 11, 17, 'note', 'A', 0.899]
[222, 58, 11, 17, 'note', 'A', 0.899]
[47, 1270, 11, 17, 'note', 'A', 0.899]
[53, 331, 11, 17, 'note', 'A', 0.899]
[107, 730, 11, 17, 'note', 'A', 0.899]
[51, 1336, 11, 17, 'note', 'A', 0.899]
[52, 286, 11, 17, 'note', 'A', 0.899]
[97, 1108, 11, 17, 'note', 'A', 0.899]
[105, 731, 11, 17, 'note', 'A', 0.899]
[84, 658, 11, 17, 'note', 'A', 0.899]
[85, 1375, 11, 17, 'note', 'A', 0.899]
[108, 1177, 11, 17, 'note', 'A', 0.899]
[41, 823, 11, 17, 'note', 'A', 0.899]
[291, 442, 11, 17, 'note', 'A', 0.899]
[96, 1107, 11, 17, 'note', 'A', 0.899]
[230, 54, 11, 17, 'note', 'A', 0.899]
[293, 444, 11, 17, 'note', 'A', 0.899]
[117, 1142, 11, 17, 'note', 'A', 0.899]
[45, 858, 11, 17, 'note', 'A', 0.899]
[63, 407, 11, 17, 'note', 'A', 0.899]
[39, 1319, 11, 17, 'note', 'A', 0.899]
[48, 923, 11, 17, 'note', 'A', 0.899]
[241, 264, 11, 17, 'note', 'A', 0.899]
[285, 448, 11, 17, 'note', 'A', 0.899]
[114, 786, 11, 17, 'note', 'A', 0.899]
[101, 1103, 11, 17, 'note', 'A', 0.899]
[282, 207, 11, 17, 'note', 'A', 0.899]
[59, 961, 11, 17, 'note', 'A', 0.899]
[296, 211, 11, 17, 'note', 'A', 0.899]
[54, 1171, 11, 17, 'note', 'A', 0.899]
[66, 447, 11, 17, 'note', 'A', 0.899]
[99, 446, 11, 17, 'note', 'A', 0.899]
[110, 802, 11, 17, 'note', 'A', 0.899]
[47, 881, 11, 17, 'note', 'A', 0.899]
[89, 1126, 11, 17, 'note', 'A', 0.899]
[87, 1373, 11, 17, 'note', 'A', 0.899]
[60, 963, 11, 17, 'note', 'A', 0.899]
[90, 239, 11, 17, 'note', 'A', 0.899]
[111, 800, 11, 17, 'note', 'A', 0.899]
[46, 1315, 11, 17, 'note', 'A', 0.899]
[89, 1003, 11, 17, 'note', 'A', 0.899]
[62, 810, 11, 17, 'note', 'A', 0.899]
[71, 1148, 11, 17, 'note', 'A', 0.899]
[113, 790, 11, 17, 'note', 'A', 0.899]
[112, 794, 11, 17, 'note', 'A', 0.899]
[46, 942, 11, 17, 'note', 'A', 0.899]
[83, 589, 11, 17, 'note', 'A', 0.899]
[224, 567, 11, 17, 'note', 'A', 0.899]
[95, 1315, 11, 17, 'note', 'A', 0.899]
[113, 791, 11, 17, 'note', 'A', 0.899]
[112, 795, 11, 17, 'note', 'A', 0.899]
[246, 331, 11, 17, 'note', 'A', 0.899]
[43, 1228, 11, 17, 'note', 'A', 0.899]
[40, 943, 11, 17, 'note', 'A', 0.899]
[49, 843, 11, 17, 'note', 'A', 0.899]
[61, 805, 11, 17, 'note', 'A', 0.899]
[117, 774, 11, 17, 'note', 'A', 0.899]
[123, 590, 11, 17, 'note', 'A', 0.899]
[87, 335, 11, 17, 'note', 'A', 0.899]
[86, 1004, 11, 17, 'note', 'A', 0.899]
[219, 507, 11, 17, 'note', 'A', 0.899]
[128, 676, 11, 17, 'note', 'A', 0.899]
[66, 1149, 11, 17, 'note', 'A', 0.899]
[280, 155, 11, 17, 'note', 'A', 0.899]
[97, 175, 11, 17, 'note', 'A', 0.899]
[117, 773, 11, 17, 'note', 'A', 0.899]
[115, 712, 11, 17, 'note', 'A', 0.899]
[96, 1316, 11, 17, 'note', 'A', 0.899]
[91, 236, 11, 17, 'note', 'A', 0.899]
[87, 331, 11, 17, 'note', 'A', 0.899]
[86, 333, 11, 17, 'note', 'A', 0.899]
[58, 327, 11, 17, 'note', 'A', 0.899]
[287, 448, 11, 17, 'note', 'A', 0.899]
[280, 207, 11, 17, 'note', 'A', 0.899]
[86, 1131, 11, 17, 'note', 'A', 0.899]
[50, 290, 11, 17, 'note', 'A', 0.899]
[47, 843, 11, 17, 'note', 'A', 0.899]
[213, 565, 11, 17, 'note', 'A', 0.899]
[60, 807, 11, 17, 'note', 'A', 0.899]
[90, 237, 11, 17, 'note', 'A', 0.899]
[41, 1228, 11, 17, 'note', 'A', 0.899]
[115, 711, 11, 17, 'note', 'A', 0.899]
[283, 44, 11, 17, 'note', 'A', 0.899]
[128, 1063, 11, 17, 'note', 'A', 0.899]
[286, 447, 11, 17, 'note', 'A', 0.899]
[42, 860, 11, 17, 'note', 'A', 0.899]
[124, 594, 11, 17, 'note', 'A', 0.899]
[281, 153, 11, 17, 'note', 'A', 0.899]
[221, 505, 11, 17, 'note', 'A', 0.899]
[86, 1127, 11, 17, 'note', 'A', 0.899]
[267, 267, 11, 17, 'note', 'A', 0.899]
[70, 445, 11, 17, 'note', 'A', 0.899]
[268, 269, 11, 17, 'note', 'A', 0.899]
[52, 1205, 11, 17, 'note', 'A', 0.899]
[40, 946, 11, 17, 'note', 'A', 0.899]
[56, 1171, 11, 17, 'note', 'A', 0.899]
[97, 1314, 11, 17, 'note', 'A', 0.899]
[273, 336, 11, 17, 'note', 'A', 0.899]
[111, 798, 11, 17, 'note', 'A', 0.899]
[132, 1064, 11, 17, 'note', 'A', 0.899]
[73, 784, 11, 17, 'note', 'A', 0.899]
[58, 330, 11, 17, 'note', 'A', 0.899]
[48, 1208, 11, 17, 'note', 'A', 0.899]
[280, 208, 11, 17, 'note', 'A', 0.899]
[286, 448, 11, 17, 'note', 'A', 0.899]
[95, 404, 11, 17, 'note', 'A', 0.899]
[295, 206, 11, 17, 'note', 'A', 0.899]
[46, 1269, 11, 17, 'note', 'A', 0.899]
[88, 332, 11, 17, 'note', 'A', 0.899]
[279, 331, 11, 17, 'note', 'A', 0.899]
[109, 233, 11, 17, 'note', 'A', 0.899]
[87, 330, 11, 17, 'note', 'A', 0.899]
[61, 810, 11, 17, 'note', 'A', 0.899]
[59, 962, 11, 17, 'note', 'A', 0.899]
[293, 209, 11, 17, 'note', 'A', 0.899]
[88, 659, 11, 17, 'note', 'A', 0.899]
[56, 1334, 11, 17, 'note', 'A', 0.899]
[61, 807, 11, 17, 'note', 'A', 0.899]
[51, 838, 11, 17, 'note', 'A', 0.899]
[103, 733, 11, 17, 'note', 'A', 0.899]
[104, 536, 11, 17, 'note', 'A', 0.899]
[49, 291, 11, 17, 'note', 'A', 0.899]
[48, 1252, 11, 17, 'note', 'A', 0.899]
[97, 176, 11, 17, 'note', 'A', 0.899]
[74, 786, 11, 17, 'note', 'A', 0.899]
[115, 782, 11, 17, 'note', 'A', 0.899]
[95, 406, 11, 17, 'note', 'A', 0.899]
[84, 286, 11, 17, 'note', 'A', 0.899]
[89, 239, 11, 17, 'note', 'A', 0.899]
[42, 1230, 11, 17, 'note', 'A', 0.899]
[279, 334, 11, 17, 'note', 'A', 0.899]
[47, 899, 11, 17, 'note', 'A', 0.899]
[115, 1144, 11, 17, 'note', 'A', 0.899]
[125, 692, 11, 17, 'note', 'A', 0.899]
[191, 507, 11, 17, 'note', 'A', 0.899]
[62, 958, 11, 17, 'note', 'A', 0.899]
[45, 1317, 11, 17, 'note', 'A', 0.899]
[87, 750, 11, 17, 'note', 'A', 0.899]
[281, 152, 11, 17, 'note', 'A', 0.899]
[50, 842, 11, 17, 'note', 'A', 0.899]
[48, 882, 11, 17, 'note', 'A', 0.899]
[260, 444, 11, 17, 'note', 'A', 0.899]
[85, 1002, 11, 17, 'note', 'A', 0.899]
[86, 1000, 11, 17, 'note', 'A', 0.899]
[89, 238, 11, 17, 'note', 'A', 0.899]
[65, 805, 11, 17, 'note', 'A', 0.899]
[188, 508, 11, 17, 'note', 'A', 0.899]
[51, 881, 11, 17, 'note', 'A', 0.899]
[46, 1250, 11, 17, 'note', 'A', 0.899]
[112, 692, 11, 17, 'note', 'A', 0.899]
[134, 42, 11, 17, 'note', 'A', 0.899]
[53, 1334, 11, 17, 'note', 'A', 0.899]
[78, 179, 11, 17, 'note', 'A', 0.899]
[111, 799, 11, 17, 'note', 'A', 0.899]
[104, 731, 11, 17, 'note', 'A', 0.899]
[71, 1356, 11, 17, 'note', 'A', 0.899]
[120, 708, 11, 17, 'note', 'A', 0.899]
[84, 1377, 11, 17, 'note', 'A', 0.899]
[62, 963, 11, 17, 'note', 'A', 0.899]
[78, 55, 11, 17, 'note', 'A', 0.899]
[86, 751, 11, 17, 'note', 'A', 0.899]
[108, 1175, 11, 17, 'note', 'A', 0.899]
[103, 732, 11, 17, 'note', 'A', 0.899]
[285, 152, 11, 17, 'note', 'A', 0.899]
[123, 752, 11, 17, 'note', 'A', 0.899]
[232, 52, 11, 17, 'note', 'A', 0.899]
[219, 506, 11, 17, 'note', 'A', 0.899]
[100, 1103, 11, 17, 'note', 'A', 0.899]
[49, 1209, 11, 17, 'note', 'A', 0.899]
[115, 783, 11, 17, 'note', 'A', 0.899]
[103, 238, 11, 17, 'note', 'A', 0.899]
[96, 1314, 11, 17, 'note', 'A', 0.899]
[297, 209, 11, 17, 'note', 'A', 0.899]
[105, 536, 11, 17, 'note', 'A', 0.899]
[76, 536, 11, 17, 'note', 'A', 0.899]
[53, 332, 11, 17, 'note', 'A', 0.899]
[43, 860, 11, 17, 'note', 'A', 0.899]
[185, 510, 11, 17, 'note', 'A', 0.899]
[81, 177, 11, 17, 'note', 'A', 0.899]
[115, 1145, 11, 17, 'note', 'A', 0.899]
[98, 1104, 11, 17, 'note', 'A', 0.899]
[74, 985, 11, 17, 'note', 'A', 0.899]
[89, 1128, 11, 17, 'note', 'A', 0.899]
[121, 1125, 11, 17, 'note', 'A', 0.899]
[84, 660, 11, 17, 'note', 'A', 0.899]
[47, 1316, 11, 17, 'note', 'A', 0.899]
[89, 1373, 11, 17, 'note', 'A', 0.899]
[39, 902, 11, 17, 'note', 'A', 0.899]
[82, 590, 11, 17, 'note', 'A', 0.899]
[122, 749, 11, 17, 'note', 'A', 0.899]
[52, 878, 11, 17, 'note', 'A', 0.899]
[42, 863, 11, 17, 'note', 'A', 0.899]
[39, 903, 11, 17, 'note', 'A', 0.899]
[108, 234, 11, 17, 'note', 'A', 0.899]
[104, 730, 11, 17, 'note', 'A', 0.899]
[41, 1232, 11, 17, 'note', 'A', 0.899]
[122, 592, 11, 17, 'note', 'A', 0.899]
[49, 1292, 11, 17, 'note', 'A', 0.899]
[85, 334, 11, 17, 'note', 'A', 0.899]
[124, 589, 11, 17, 'note', 'A', 0.899]
[40, 1273, 11, 17, 'note', 'A', 0.899]
[282, 383, 11, 17, 'note', 'A', 0.899]
[44, 942, 11, 17, 'note', 'A', 0.899]
[50, 882, 11, 17, 'note', 'A', 0.899]
[225, 566, 11, 17, 'note', 'A', 0.899]
[63, 809, 11, 17, 'note', 'A', 0.899]
[79, 179, 11, 17, 'note', 'A', 0.899]
[61, 808, 11, 17, 'note', 'A', 0.899]
[192, 505, 11, 17, 'note', 'A', 0.899]
[280, 46, 11, 17, 'note', 'A', 0.899]
[54, 331, 11, 17, 'note', 'A', 0.899]
[62, 409, 11, 17, 'note', 'A', 0.899]
[76, 984, 11, 17, 'note', 'A', 0.899]
[188, 509, 11, 17, 'note', 'A', 0.899]
[288, 445, 11, 17, 'note', 'A', 0.899]
[97, 1106, 11, 17, 'note', 'A', 0.899]
[47, 1251, 11, 17, 'note', 'A', 0.899]
[104, 237, 11, 17, 'note', 'A', 0.899]
[109, 1087, 11, 17, 'note', 'A', 0.899]
[282, 208, 11, 17, 'note', 'A', 0.899]
[122, 593, 11, 17, 'note', 'A', 0.899]
[241, 265, 11, 17, 'note', 'A', 0.899]
[50, 1296, 11, 17, 'note', 'A', 0.899]
[72, 441, 11, 17, 'note', 'A', 0.899]
[129, 673, 11, 17, 'note', 'A', 0.899]
[59, 408, 11, 17, 'note', 'A', 0.899]
[41, 864, 11, 17, 'note', 'A', 0.899]
[114, 1083, 11, 17, 'note', 'A', 0.899]
[60, 960, 11, 17, 'note', 'A', 0.899]
[126, 593, 11, 17, 'note', 'A', 0.899]
[277, 336, 11, 17, 'note', 'A', 0.899]
[86, 1001, 11, 17, 'note', 'A', 0.899]
[117, 710, 11, 17, 'note', 'A', 0.899]
[59, 407, 11, 17, 'note', 'A', 0.899]
[85, 754, 11, 17, 'note', 'A', 0.899]
[123, 748, 11, 17, 'note', 'A', 0.899]
[122, 1125, 11, 17, 'note', 'A', 0.899]
[117, 709, 11, 17, 'note', 'A', 0.899]
[53, 1172, 11, 17, 'note', 'A', 0.899]
[86, 660, 11, 17, 'note', 'A', 0.899]
[46, 860, 11, 17, 'note', 'A', 0.899]
[72, 536, 11, 17, 'note', 'A', 0.899]
[74, 783, 11, 17, 'note', 'A', 0.899]
[246, 334, 11, 17, 'note', 'A', 0.899]
[65, 1150, 11, 17, 'note', 'A', 0.899]
[219, 510, 11, 17, 'note', 'A', 0.899]
[96, 405, 11, 17, 'note', 'A', 0.899]
[40, 1232, 11, 17, 'note', 'A', 0.899]
[52, 1335, 11, 17, 'note', 'A', 0.899]
[104, 827, 11, 17, 'note', 'A', 0.899]
[282, 384, 11, 17, 'note', 'A', 0.899]
[69, 1358, 11, 17, 'note', 'A', 0.899]
[85, 753, 11, 17, 'note', 'A', 0.899]
[67, 1153, 11, 17, 'note', 'A', 0.899]
[89, 1375, 11, 17, 'note', 'A', 0.899]
[185, 509, 11, 17, 'note', 'A', 0.899]
[50, 877, 11, 17, 'note', 'A', 0.899]
[131, 675, 11, 17, 'note', 'A', 0.899]
[42, 945, 11, 17, 'note', 'A', 0.899]
[79, 54, 11, 17, 'note', 'A', 0.899]
[116, 1142, 11, 17, 'note', 'A', 0.899]
[101, 1107, 11, 17, 'note', 'A', 0.899]
[47, 1248, 11, 17, 'note', 'A', 0.899]
[72, 443, 11, 17, 'note', 'A', 0.899]
[116, 712, 11, 17, 'note', 'A', 0.899]
[45, 1270, 11, 17, 'note', 'A', 0.899]
[96, 175, 11, 17, 'note', 'A', 0.899]
[109, 1086, 11, 17, 'note', 'A', 0.899]
[74, 787, 11, 17, 'note', 'A', 0.899]
[40, 1229, 11, 17, 'note', 'A', 0.899]
[127, 1065, 11, 17, 'note', 'A', 0.899]
[77, 180, 11, 17, 'note', 'A', 0.899]
[105, 730, 11, 17, 'note', 'A', 0.899]
[86, 752, 11, 17, 'note', 'A', 0.899]
[50, 1250, 11, 17, 'note', 'A', 0.899]
[122, 707, 11, 17, 'note', 'A', 0.899]
[281, 156, 11, 17, 'note', 'A', 0.899]
[274, 335, 11, 17, 'note', 'A', 0.899]
[47, 1227, 11, 17, 'note', 'A', 0.899]
[221, 510, 11, 17, 'note', 'A', 0.899]
[258, 445, 11, 17, 'note', 'A', 0.899]
[294, 210, 11, 17, 'note', 'A', 0.899]
[128, 1065, 11, 17, 'note', 'A', 0.899]
[64, 1153, 11, 17, 'note', 'A', 0.899]
[254, 382, 11, 17, 'note', 'A', 0.899]
[49, 1297, 11, 17, 'note', 'A', 0.899]
[57, 329, 11, 17, 'note', 'A', 0.899]
[106, 729, 11, 17, 'note', 'A', 0.899]
[42, 861, 11, 17, 'note', 'A', 0.899]
[76, 787, 11, 17, 'note', 'A', 0.899]
[129, 1065, 11, 17, 'note', 'A', 0.899]
[240, 264, 11, 17, 'note', 'A', 0.899]
[225, 637, 11, 17, 'note', 'A', 0.899]
[77, 783, 11, 17, 'note', 'A', 0.899]
[39, 1275, 11, 17, 'note', 'A', 0.899]
[40, 862, 11, 17, 'note', 'A', 0.899]
[110, 1087, 11, 17, 'note', 'A', 0.899]
[58, 1170, 11, 17, 'note', 'A', 0.899]
[77, 181, 11, 17, 'note', 'A', 0.899]
[85, 1378, 11, 17, 'note', 'A', 0.899]
[46, 941, 11, 17, 'note', 'A', 0.899]
[128, 675, 11, 17, 'note', 'A', 0.899]
[96, 404, 11, 17, 'note', 'A', 0.899]
[191, 506, 11, 17, 'note', 'A', 0.899]
[67, 1360, 11, 17, 'note', 'A', 0.899]
[57, 330, 11, 17, 'note', 'A', 0.899]
[88, 331, 11, 17, 'note', 'A', 0.899]
[41, 1189, 11, 17, 'note', 'A', 0.899]
[127, 1064, 11, 17, 'note', 'A', 0.899]
[123, 593, 11, 17, 'note', 'A', 0.899]
[90, 409, 11, 17, 'note', 'A', 0.899]
[56, 1170, 11, 17, 'note', 'A', 0.899]
[122, 708, 11, 17, 'note', 'A', 0.899]
[73, 984, 11, 17, 'note', 'A', 0.899]
[187, 510, 11, 17, 'note', 'A', 0.899]
[282, 156, 11, 17, 'note', 'A', 0.899]
[49, 918, 11, 17, 'note', 'A', 0.899]
[48, 1247, 11, 17, 'note', 'A', 0.899]
[42, 862, 11, 17, 'note', 'A', 0.899]
[91, 181, 11, 17, 'note', 'A', 0.899]
[108, 233, 11, 17, 'note', 'A', 0.899]
[251, 382, 11, 17, 'note', 'A', 0.899]
[212, 567, 11, 17, 'note', 'A', 0.899]
[112, 693, 11, 17, 'note', 'A', 0.899]
[42, 1228, 11, 17, 'note', 'A', 0.899]
[127, 675, 11, 17, 'note', 'A', 0.899]
[70, 442, 11, 17, 'note', 'A', 0.899]
[83, 285, 11, 17, 'note', 'A', 0.899]
[110, 1085, 11, 17, 'note', 'A', 0.899]
[46, 858, 11, 17, 'note', 'A', 0.899]
[92, 236, 11, 17, 'note', 'A', 0.899]
[186, 507, 11, 17, 'note', 'A', 0.899]
[116, 1144, 11, 17, 'note', 'A', 0.899]
[73, 537, 11, 17, 'note', 'A', 0.899]
[86, 335, 11, 17, 'note', 'A', 0.899]
[79, 180, 11, 17, 'note', 'A', 0.899]
[98, 447, 11, 17, 'note', 'A', 0.899]
[64, 1359, 11, 17, 'note', 'A', 0.899]
[64, 804, 11, 17, 'note', 'A', 0.899]
[213, 566, 11, 17, 'note', 'A', 0.899]
[274, 336, 11, 17, 'note', 'A', 0.899]
[48, 1207, 11, 17, 'note', 'A', 0.899]
[47, 291, 11, 17, 'note', 'A', 0.899]
[68, 444, 11, 17, 'note', 'A', 0.899]
[47, 1296, 11, 17, 'note', 'A', 0.899]
[70, 1150, 11, 17, 'note', 'A', 0.899]
[296, 206, 11, 17, 'note', 'A', 0.899]
[110, 1084, 11, 17, 'note', 'A', 0.899]
[77, 533, 11, 17, 'note', 'A', 0.899]
[87, 999, 11, 17, 'note', 'A', 0.899]
[48, 1205, 11, 17, 'note', 'A', 0.899]
[76, 532, 11, 17, 'note', 'A', 0.899]
[41, 1272, 11, 17, 'note', 'A', 0.899]
[189, 507, 11, 17, 'note', 'A', 0.899]
[282, 44, 11, 17, 'note', 'A', 0.899]
[86, 1002, 11, 17, 'note', 'A', 0.899]
[104, 733, 11, 17, 'note', 'A', 0.899]
[52, 1204, 11, 17, 'note', 'A', 0.899]
[85, 660, 11, 17, 'note', 'A', 0.899]
[295, 211, 11, 17, 'note', 'A', 0.899]
[43, 942, 11, 17, 'note', 'A', 0.899]
[281, 154, 11, 17, 'note', 'A', 0.899]
[89, 998, 11, 17, 'note', 'A', 0.899]
[48, 288, 11, 17, 'note', 'A', 0.899]
[46, 1271, 11, 17, 'note', 'A', 0.899]
[78, 181, 11, 17, 'note', 'A', 0.899]
[67, 444, 11, 17, 'note', 'A', 0.899]
[73, 534, 11, 17, 'note', 'A', 0.899]
[283, 385, 11, 17, 'note', 'A', 0.899]
[104, 537, 11, 17, 'note', 'A', 0.899]
[127, 589, 11, 17, 'note', 'A', 0.899]
[50, 1208, 11, 17, 'note', 'A', 0.899]
[46, 1228, 11, 17, 'note', 'A', 0.899]
[297, 207, 11, 17, 'note', 'A', 0.899]
[47, 921, 11, 17, 'note', 'A', 0.899]
[293, 443, 11, 17, 'note', 'A', 0.899]
[57, 1171, 11, 17, 'note', 'A', 0.899]
[48, 919, 11, 17, 'note', 'A', 0.899]
[47, 842, 11, 17, 'note', 'A', 0.899]
[64, 807, 11, 17, 'note', 'A', 0.899]
[41, 861, 11, 17, 'note', 'A', 0.899]
[48, 879, 11, 17, 'note', 'A', 0.899]
[45, 1228, 11, 17, 'note', 'A', 0.899]
[53, 1173, 11, 17, 'note', 'A', 0.899]
[105, 732, 11, 17, 'note', 'A', 0.899]
[66, 446, 11, 17, 'note', 'A', 0.899]
[41, 1321, 11, 17, 'note', 'A', 0.899]
[61, 806, 11, 17, 'note', 'A', 0.899]
[61, 809, 11, 17, 'note', 'A', 0.899]
[87, 1004, 11, 17, 'note', 'A', 0.899]
[46, 898, 11, 17, 'note', 'A', 0.899]
[87, 752, 11, 17, 'note', 'A', 0.899]
[51, 1293, 11, 17, 'note', 'A', 0.899]
[68, 1357, 11, 17, 'note', 'A', 0.899]
[123, 591, 11, 17, 'note', 'A', 0.899]
[52, 334, 11, 17, 'note', 'A', 0.899]
[78, 54, 11, 17, 'note', 'A', 0.899]
[48, 1297, 11, 17, 'note', 'A', 0.899]
[66, 1357, 11, 17, 'note', 'A', 0.899]
[85, 1130, 11, 17, 'note', 'A', 0.899]
[53, 334, 11, 17, 'note', 'A', 0.899]
[57, 1333, 11, 17, 'note', 'A', 0.899]
[121, 1126, 11, 17, 'note', 'A', 0.899]
[47, 840, 11, 17, 'note', 'A', 0.899]
[47, 898, 11, 17, 'note', 'A', 0.899]
[53, 333, 11, 17, 'note', 'A', 0.899]
[92, 235, 11, 17, 'note', 'A', 0.899]
[79, 177, 11, 17, 'note', 'A', 0.899]
[48, 1206, 11, 17, 'note', 'A', 0.899]
[86, 1374, 11, 17, 'note', 'A', 0.899]
[268, 268, 11, 17, 'note', 'A', 0.899]
[65, 1153, 11, 17, 'note', 'A', 0.899]
[110, 1086, 11, 17, 'note', 'A', 0.899]
[267, 268, 11, 17, 'note', 'A', 0.899]
[132, 1060, 11, 17, 'note', 'A', 0.899]
[47, 1250, 11, 17, 'note', 'A', 0.899]
[86, 1003, 11, 17, 'note', 'A', 0.899]
[40, 1231, 11, 17, 'note', 'A', 0.899]
[89, 657, 11, 17, 'note', 'A', 0.899]
[129, 672, 11, 17, 'note', 'A', 0.899]
[123, 592, 11, 17, 'note', 'A', 0.899]
[269, 265, 11, 17, 'note', 'A', 0.899]
[222, 506, 11, 17, 'note', 'A', 0.899]
[43, 1272, 11, 17, 'note', 'A', 0.899]
[49, 286, 11, 17, 'note', 'A', 0.899]
[285, 385, 11, 17, 'note', 'A', 0.899]
[98, 1108, 11, 17, 'note', 'A', 0.899]
[220, 508, 11, 17, 'note', 'A', 0.899]
[108, 730, 11, 17, 'note', 'A', 0.899]
[86, 753, 11, 17, 'note', 'A', 0.899]
[275, 333, 11, 17, 'note', 'A', 0.899]
[67, 445, 11, 17, 'note', 'A', 0.899]
[58, 1169, 11, 17, 'note', 'A', 0.899]
[42, 942, 11, 17, 'note', 'A', 0.899]
[60, 962, 11, 17, 'note', 'A', 0.899]
[42, 944, 11, 17, 'note', 'A', 0.899]
[74, 784, 11, 17, 'note', 'A', 0.899]
[45, 1271, 11, 17, 'note', 'A', 0.899]
[41, 1317, 11, 17, 'note', 'A', 0.899]
[60, 409, 11, 17, 'note', 'A', 0.899]
[116, 1143, 11, 17, 'note', 'A', 0.899]
[275, 334, 11, 17, 'note', 'A', 0.899]
[95, 405, 11, 17, 'note', 'A', 0.899]
[96, 176, 11, 17, 'note', 'A', 0.899]
[272, 265, 11, 17, 'note', 'A', 0.899]
[87, 655, 11, 17, 'note', 'A', 0.899]
[100, 448, 11, 17, 'note', 'A', 0.899]
[121, 709, 11, 17, 'note', 'A', 0.899]
[42, 1229, 11, 17, 'note', 'A', 0.899]
[129, 674, 11, 17, 'note', 'A', 0.899]
[58, 328, 11, 17, 'note', 'A', 0.899]
[97, 1315, 11, 17, 'note', 'A', 0.899]
[268, 266, 11, 17, 'note', 'A', 0.899]
[61, 959, 11, 17, 'note', 'A', 0.899]
[49, 1204, 11, 17, 'note', 'A', 0.899]
[47, 841, 11, 17, 'note', 'A', 0.899]
[87, 333, 11, 17, 'note', 'A', 0.899]
[83, 590, 11, 17, 'note', 'A', 0.899]
[270, 152, 11, 17, 'note', 'A', 0.899]
[260, 443, 11, 17, 'note', 'A', 0.899]
[135, 41, 11, 17, 'note', 'A', 0.899]
[90, 410, 11, 17, 'note', 'A', 0.899]
[130, 671, 11, 17, 'note', 'A', 0.899]
[90, 238, 11, 17, 'note', 'A', 0.899]
[46, 1317, 11, 17, 'note', 'A', 0.899]
[70, 1356, 11, 17, 'note', 'A', 0.899]
[71, 444, 11, 17, 'note', 'A', 0.899]
[50, 1338, 11, 17, 'note', 'A', 0.899]
[87, 1001, 11, 17, 'note', 'A', 0.899]
[294, 209, 11, 17, 'note', 'A', 0.899]
[63, 962, 11, 17, 'note', 'A', 0.899]
[108, 1176, 11, 17, 'note', 'A', 0.899]
[270, 269, 11, 17, 'note', 'A', 0.899]
[63, 804, 11, 17, 'note', 'A', 0.899]
[40, 1318, 11, 17, 'note', 'A', 0.899]
[39, 1321, 11, 17, 'note', 'A', 0.899]
[99, 1108, 11, 17, 'note', 'A', 0.899]
[47, 1226, 11, 17, 'note', 'A', 0.899]
[48, 922, 11, 17, 'note', 'A', 0.899]
[111, 1083, 11, 17, 'note', 'A', 0.899]
[93, 234, 11, 17, 'note', 'A', 0.899]
[73, 983, 11, 17, 'note', 'A', 0.899]
[268, 267, 11, 17, 'note', 'A', 0.899]
[127, 676, 11, 17, 'note', 'A', 0.899]
[133, 671, 11, 17, 'note', 'A', 0.899]
[77, 980, 11, 17, 'note', 'A', 0.899]
[283, 384, 11, 17, 'note', 'A', 0.899]
[54, 1337, 11, 17, 'note', 'A', 0.899]
[116, 711, 11, 17, 'note', 'A', 0.899]
[62, 404, 11, 17, 'note', 'A', 0.899]
[45, 1226, 11, 17, 'note', 'A', 0.899]
[220, 506, 11, 17, 'note', 'A', 0.899]
[47, 289, 11, 17, 'note', 'A', 0.899]
[88, 1377, 11, 17, 'note', 'A', 0.899]
[192, 506, 11, 17, 'note', 'A', 0.899]
[71, 441, 11, 17, 'note', 'A', 0.899]
[48, 843, 11, 17, 'note', 'A', 0.899]
[73, 982, 11, 17, 'note', 'A', 0.899]
[100, 446, 11, 17, 'note', 'A', 0.899]
[46, 1316, 11, 17, 'note', 'A', 0.899]
[42, 943, 11, 17, 'note', 'A', 0.899]
[52, 1173, 11, 17, 'note', 'A', 0.899]
[75, 537, 11, 17, 'note', 'A', 0.899]
[87, 1378, 11, 17, 'note', 'A', 0.899]
[87, 755, 11, 17, 'note', 'A', 0.899]
[47, 290, 11, 17, 'note', 'A', 0.899]
[89, 656, 11, 17, 'note', 'A', 0.899]
[47, 1294, 11, 17, 'note', 'A', 0.899]
[122, 1126, 11, 17, 'note', 'A', 0.899]
[85, 1129, 11, 17, 'note', 'A', 0.899]
[40, 903, 11, 17, 'note', 'A', 0.899]
[40, 864, 11, 17, 'note', 'A', 0.899]
[77, 982, 11, 17, 'note', 'A', 0.899]
[92, 234, 11, 17, 'note', 'A', 0.899]
[64, 1361, 11, 17, 'note', 'A', 0.899]
[97, 1107, 11, 17, 'note', 'A', 0.899]
[63, 404, 11, 17, 'note', 'A', 0.899]
[48, 881, 11, 17, 'note', 'A', 0.899]
[55, 1335, 11, 17, 'note', 'A', 0.899]
[269, 269, 11, 17, 'note', 'A', 0.899]
[117, 711, 11, 17, 'note', 'A', 0.899]
[86, 755, 11, 17, 'note', 'A', 0.899]
[49, 838, 11, 17, 'note', 'A', 0.899]
[51, 877, 11, 17, 'note', 'A', 0.899]
[104, 238, 11, 17, 'note', 'A', 0.899]
[122, 751, 11, 17, 'note', 'A', 0.899]
[281, 208, 11, 17, 'note', 'A', 0.899]
[89, 1127, 11, 17, 'note', 'A', 0.899]
[269, 151, 11, 17, 'note', 'A', 0.899]
[294, 207, 11, 17, 'note', 'A', 0.899]
[83, 286, 11, 17, 'note', 'A', 0.899]
[283, 383, 11, 17, 'note', 'A', 0.899]
[40, 1321, 11, 17, 'note', 'A', 0.899]
[77, 784, 11, 17, 'note', 'A', 0.899]
[51, 918, 11, 17, 'note', 'A', 0.899]
[60, 406, 11, 17, 'note', 'A', 0.899]
[245, 334, 11, 17, 'note', 'A', 0.899]
[129, 675, 11, 17, 'note', 'A', 0.899]
[47, 1295, 11, 17, 'note', 'A', 0.899]
[47, 1249, 11, 17, 'note', 'A', 0.899]
[58, 329, 11, 17, 'note', 'A', 0.899]
[105, 729, 11, 17, 'note', 'A', 0.899]
[50, 922, 11, 17, 'note', 'A', 0.899]
[91, 410, 11, 17, 'note', 'A', 0.899]
[186, 508, 11, 17, 'note', 'A', 0.899]
[77, 55, 11, 17, 'note', 'A', 0.899]
[90, 750, 11, 17, 'note', 'A', 0.899]
[59, 1332, 11, 17, 'note', 'A', 0.899]
[89, 753, 11, 17, 'note', 'A', 0.899]
[88, 1126, 11, 17, 'note', 'A', 0.899]
[98, 1106, 11, 17, 'note', 'A', 0.899]
[45, 1227, 11, 17, 'note', 'A', 0.899]
[62, 807, 11, 17, 'note', 'A', 0.899]
[107, 729, 11, 17, 'note', 'A', 0.899]
[72, 442, 11, 17, 'note', 'A', 0.899]
[67, 1357, 11, 17, 'note', 'A', 0.899]
[46, 899, 11, 17, 'note', 'A', 0.899]
[61, 963, 11, 17, 'note', 'A', 0.899]
[64, 1152, 11, 17, 'note', 'A', 0.899]
[282, 153, 11, 17, 'note', 'A', 0.899]
[278, 331, 11, 17, 'note', 'A', 0.899]
[186, 510, 11, 17, 'note', 'A', 0.899]
[85, 1376, 11, 17, 'note', 'A', 0.899]
[287, 447, 11, 17, 'note', 'A', 0.899]
[281, 155, 11, 17, 'note', 'A', 0.899]
[272, 267, 11, 17, 'note', 'A', 0.899]
[45, 860, 11, 17, 'note', 'A', 0.899]
[44, 900, 11, 17, 'note', 'A', 0.899]
[86, 1128, 11, 17, 'note', 'A', 0.899]
[92, 409, 11, 17, 'note', 'A', 0.899]
[41, 1231, 11, 17, 'note', 'A', 0.899]
[69, 1149, 11, 17, 'note', 'A', 0.899]
[80, 177, 11, 17, 'note', 'A', 0.899]
[43, 901, 11, 17, 'note', 'A', 0.899]
[85, 657, 11, 17, 'note', 'A', 0.899]
[51, 839, 11, 17, 'note', 'A', 0.899]
[88, 334, 11, 17, 'note', 'A', 0.899]
[223, 638, 11, 17, 'note', 'A', 0.899]
[99, 448, 11, 17, 'note', 'A', 0.899]
[124, 748, 11, 17, 'note', 'A', 0.899]
[49, 882, 11, 17, 'note', 'A', 0.899]
[270, 151, 11, 17, 'note', 'A', 0.899]
[60, 961, 11, 17, 'note', 'A', 0.899]
[112, 1087, 11, 17, 'note', 'A', 0.899]
[67, 446, 11, 17, 'note', 'A', 0.899]
[212, 566, 11, 17, 'note', 'A', 0.899]
[69, 1357, 11, 17, 'note', 'A', 0.899]
[42, 1273, 11, 17, 'note', 'A', 0.899]
[257, 443, 11, 17, 'note', 'A', 0.899]
[54, 1334, 11, 17, 'note', 'A', 0.899]
[113, 1083, 11, 17, 'note', 'A', 0.899]
[51, 920, 11, 17, 'note', 'A', 0.899]
[224, 637, 11, 17, 'note', 'A', 0.899]
[58, 1332, 11, 17, 'note', 'A', 0.899]
[48, 880, 11, 17, 'note', 'A', 0.899]
[73, 536, 11, 17, 'note', 'A', 0.899]
[74, 537, 11, 17, 'note', 'A', 0.899]
[244, 333, 11, 17, 'note', 'A', 0.899]
[254, 381, 11, 17, 'note', 'A', 0.899]
[48, 287, 11, 17, 'note', 'A', 0.899]
[111, 1087, 11, 17, 'note', 'A', 0.899]
[40, 1230, 11, 17, 'note', 'A', 0.899]
[75, 783, 11, 17, 'note', 'A', 0.899]
[86, 754, 11, 17, 'note', 'A', 0.899]
[60, 408, 11, 17, 'note', 'A', 0.899]
[269, 152, 11, 17, 'note', 'A', 0.899]
[46, 1270, 11, 17, 'note', 'A', 0.899]
[85, 1377, 11, 17, 'note', 'A', 0.899]
[111, 1085, 11, 17, 'note', 'A', 0.899]
[41, 1230, 11, 17, 'note', 'A', 0.899]
[86, 334, 11, 17, 'note', 'A', 0.899]
[55, 1334, 11, 17, 'note', 'A', 0.899]
[86, 1378, 11, 17, 'note', 'A', 0.899]
[60, 407, 11, 17, 'note', 'A', 0.899]
[130, 675, 11, 17, 'note', 'A', 0.899]
[240, 265, 11, 17, 'note', 'A', 0.899]
[87, 1128, 11, 17, 'note', 'A', 0.899]
[275, 336, 11, 17, 'note', 'A', 0.899]
[127, 591, 11, 17, 'note', 'A', 0.899]
[40, 901, 11, 17, 'note', 'A', 0.899]
[88, 750, 11, 17, 'note', 'A', 0.899]
[41, 903, 11, 17, 'note', 'A', 0.899]
[45, 859, 11, 17, 'note', 'A', 0.899]
[75, 785, 11, 17, 'note', 'A', 0.899]
[187, 508, 11, 17, 'note', 'A', 0.899]
[259, 445, 11, 17, 'note', 'A', 0.899]
[86, 1129, 11, 17, 'note', 'A', 0.899]
[75, 980, 11, 17, 'note', 'A', 0.899]
[40, 944, 11, 17, 'note', 'A', 0.899]
[51, 880, 11, 17, 'note', 'A', 0.899]
[58, 1334, 11, 17, 'note', 'A', 0.899]
[282, 151, 11, 17, 'note', 'A', 0.899]
[98, 1107, 11, 17, 'note', 'A', 0.899]
[68, 1149, 11, 17, 'note', 'A', 0.899]
[73, 535, 11, 17, 'note', 'A', 0.899]
[112, 1083, 11, 17, 'note', 'A', 0.899]
[70, 1357, 11, 17, 'note', 'A', 0.899]
[292, 442, 11, 17, 'note', 'A', 0.899]
[62, 806, 11, 17, 'note', 'A', 0.899]
[98, 1105, 11, 17, 'note', 'A', 0.899]
[48, 291, 11, 17, 'note', 'A', 0.899]
[48, 921, 11, 17, 'note', 'A', 0.899]
[86, 1130, 11, 17, 'note', 'A', 0.899]
[42, 1272, 11, 17, 'note', 'A', 0.899]
[282, 154, 11, 17, 'note', 'A', 0.899]
[51, 1206, 11, 17, 'note', 'A', 0.899]
[284, 381, 11, 17, 'note', 'A', 0.899]
[70, 1148, 11, 17, 'note', 'A', 0.899]
[65, 1151, 11, 17, 'note', 'A', 0.899]
[104, 732, 11, 17, 'note', 'A', 0.899]
[49, 878, 11, 17, 'note', 'A', 0.899]
[46, 859, 11, 17, 'note', 'A', 0.899]
[87, 1127, 11, 17, 'note', 'A', 0.899]
[74, 533, 11, 17, 'note', 'A', 0.899]
[66, 1361, 11, 17, 'note', 'A', 0.899]
[99, 447, 11, 17, 'note', 'A', 0.899]
[276, 336, 11, 17, 'note', 'A', 0.899]
[90, 999, 11, 17, 'note', 'A', 0.899]
[257, 444, 11, 17, 'note', 'A', 0.899]
[283, 45, 11, 17, 'note', 'A', 0.899]
[48, 841, 11, 17, 'note', 'A', 0.899]
[283, 382, 11, 17, 'note', 'A', 0.899]
[49, 1251, 11, 17, 'note', 'A', 0.899]
[69, 1150, 11, 17, 'note', 'A', 0.899]
[111, 1086, 11, 17, 'note', 'A', 0.899]
[65, 1358, 11, 17, 'note', 'A', 0.899]
[61, 409, 11, 17, 'note', 'A', 0.899]
[290, 447, 11, 17, 'note', 'A', 0.899]
[96, 1315, 11, 17, 'note', 'A', 0.899]
[91, 238, 11, 17, 'note', 'A', 0.899]
[68, 1151, 11, 17, 'note', 'A', 0.899]
[114, 1085, 11, 17, 'note', 'A', 0.899]
[65, 1361, 11, 17, 'note', 'A', 0.899]
[62, 805, 11, 17, 'note', 'A', 0.899]
[50, 1292, 11, 17, 'note', 'A', 0.899]
[50, 1295, 11, 17, 'note', 'A', 0.899]
[224, 638, 11, 17, 'note', 'A', 0.899]
[297, 208, 11, 17, 'note', 'A', 0.899]
[88, 333, 11, 17, 'note', 'A', 0.899]
[44, 1318, 11, 17, 'note', 'A', 0.899]
[89, 1374, 11, 17, 'note', 'A', 0.899]
[87, 753, 11, 17, 'note', 'A', 0.899]
[48, 1293, 11, 17, 'note', 'A', 0.899]
[84, 659, 11, 17, 'note', 'A', 0.899]
[91, 237, 11, 17, 'note', 'A', 0.899]
[51, 286, 11, 17, 'note', 'A', 0.899]
[66, 1153, 11, 17, 'note', 'A', 0.899]
[128, 1064, 11, 17, 'note', 'A', 0.899]
[87, 1002, 11, 17, 'note', 'A', 0.899]
[62, 809, 11, 17, 'note', 'A', 0.899]
[275, 335, 11, 17, 'note', 'A', 0.899]
[90, 1000, 11, 17, 'note', 'A', 0.899]
[50, 286, 11, 17, 'note', 'A', 0.899]
[49, 288, 11, 17, 'note', 'A', 0.899]
[288, 446, 11, 17, 'note', 'A', 0.899]
[64, 958, 11, 17, 'note', 'A', 0.899]
[286, 383, 11, 17, 'note', 'A', 0.899]
[124, 592, 11, 17, 'note', 'A', 0.899]
[74, 983, 11, 17, 'note', 'A', 0.899]
[108, 728, 11, 17, 'note', 'A', 0.899]
[49, 1247, 11, 17, 'note', 'A', 0.899]
[41, 943, 11, 17, 'note', 'A', 0.899]
[121, 707, 11, 17, 'note', 'A', 0.899]
[133, 1062, 11, 17, 'note', 'A', 0.899]
[283, 155, 11, 17, 'note', 'A', 0.899]
[39, 1320, 11, 17, 'note', 'A', 0.899]
[50, 841, 11, 17, 'note', 'A', 0.899]
[88, 1373, 11, 17, 'note', 'A', 0.899]
[48, 289, 11, 17, 'note', 'A', 0.899]
[68, 1358, 11, 17, 'note', 'A', 0.899]
[284, 385, 11, 17, 'note', 'A', 0.899]
[48, 839, 11, 17, 'note', 'A', 0.899]
[92, 237, 11, 17, 'note', 'A', 0.899]
[64, 1360, 11, 17, 'note', 'A', 0.899]
[45, 941, 11, 17, 'note', 'A', 0.899]
[284, 151, 11, 17, 'note', 'A', 0.899]
[48, 1251, 11, 17, 'note', 'A', 0.899]
[78, 180, 11, 17, 'note', 'A', 0.899]
[87, 1129, 11, 17, 'note', 'A', 0.899]
[42, 1274, 11, 17, 'note', 'A', 0.899]
[67, 1149, 11, 17, 'note', 'A', 0.899]
[44, 1317, 11, 17, 'note', 'A', 0.899]
[50, 1247, 11, 17, 'note', 'A', 0.899]
[57, 1169, 11, 17, 'note', 'A', 0.899]
[124, 593, 11, 17, 'note', 'A', 0.899]
[48, 920, 11, 17, 'note', 'A', 0.899]
[87, 1130, 11, 17, 'note', 'A', 0.899]
[124, 591, 11, 17, 'note', 'A', 0.899]
[70, 444, 11, 17, 'note', 'A', 0.899]
[87, 334, 11, 17, 'note', 'A', 0.899]
[50, 838, 11, 17, 'note', 'A', 0.899]
[49, 1208, 11, 17, 'note', 'A', 0.899]
[122, 750, 11, 17, 'note', 'A', 0.899]
[269, 268, 11, 17, 'note', 'A', 0.899]
[188, 507, 11, 17, 'note', 'A', 0.899]
[222, 507, 11, 17, 'note', 'A', 0.899]
[285, 381, 11, 17, 'note', 'A', 0.899]
[48, 1296, 11, 17, 'note', 'A', 0.899]
[43, 1319, 11, 17, 'note', 'A', 0.899]
[220, 507, 11, 17, 'note', 'A', 0.899]
[65, 1152, 11, 17, 'note', 'A', 0.899]
[90, 751, 11, 17, 'note', 'A', 0.899]
[70, 1149, 11, 17, 'note', 'A', 0.899]
[41, 1229, 11, 17, 'note', 'A', 0.899]
[244, 332, 11, 17, 'note', 'A', 0.899]
[294, 208, 11, 17, 'note', 'A', 0.899]
[85, 658, 11, 17, 'note', 'A', 0.899]
[48, 1249, 11, 17, 'note', 'A', 0.899]
[88, 655, 11, 17, 'note', 'A', 0.899]
[75, 787, 11, 17, 'note', 'A', 0.899]
[253, 381, 11, 17, 'note', 'A', 0.899]
[76, 535, 11, 17, 'note', 'A', 0.899]
[45, 942, 11, 17, 'note', 'A', 0.899]
[40, 945, 11, 17, 'note', 'A', 0.899]
[279, 333, 11, 17, 'note', 'A', 0.899]
[48, 1295, 11, 17, 'note', 'A', 0.899]
[48, 1250, 11, 17, 'note', 'A', 0.899]
[64, 960, 11, 17, 'note', 'A', 0.899]
[63, 958, 11, 17, 'note', 'A', 0.899]
[41, 944, 11, 17, 'note', 'A', 0.899]
[87, 751, 11, 17, 'note', 'A', 0.899]
[62, 808, 11, 17, 'note', 'A', 0.899]
[133, 672, 11, 17, 'note', 'A', 0.899]
[41, 862, 11, 17, 'note', 'A', 0.899]
[283, 151, 11, 17, 'note', 'A', 0.899]
[74, 984, 11, 17, 'note', 'A', 0.899]
[125, 593, 11, 17, 'note', 'A', 0.899]
[87, 1000, 11, 17, 'note', 'A', 0.899]
[48, 840, 11, 17, 'note', 'A', 0.899]
[91, 409, 11, 17, 'note', 'A', 0.899]
[74, 535, 11, 17, 'note', 'A', 0.899]
[74, 981, 11, 17, 'note', 'A', 0.899]
[86, 1376, 11, 17, 'note', 'A', 0.899]
[48, 842, 11, 17, 'note', 'A', 0.899]
[220, 509, 11, 17, 'note', 'A', 0.899]
[130, 1061, 11, 17, 'note', 'A', 0.899]
[282, 152, 11, 17, 'note', 'A', 0.899]
[288, 447, 11, 17, 'note', 'A', 0.899]
[187, 509, 11, 17, 'note', 'A', 0.899]
[269, 267, 11, 17, 'note', 'A', 0.899]
[133, 1061, 11, 17, 'note', 'A', 0.899]
[89, 752, 11, 17, 'note', 'A', 0.899]
[89, 750, 11, 17, 'note', 'A', 0.899]
[276, 334, 11, 17, 'note', 'A', 0.899]
[40, 863, 11, 17, 'note', 'A', 0.899]
[41, 1273, 11, 17, 'note', 'A', 0.899]
[75, 784, 11, 17, 'note', 'A', 0.899]
[281, 45, 11, 17, 'note', 'A', 0.899]
[49, 1206, 11, 17, 'note', 'A', 0.899]
[49, 880, 11, 17, 'note', 'A', 0.899]
[289, 444, 11, 17, 'note', 'A', 0.899]
[61, 962, 11, 17, 'note', 'A', 0.899]
[41, 1275, 11, 17, 'note', 'A', 0.899]
[220, 510, 11, 17, 'note', 'A', 0.899]
[50, 289, 11, 17, 'note', 'A', 0.899]
[86, 1375, 11, 17, 'note', 'A', 0.899]
[286, 382, 11, 17, 'note', 'A', 0.899]
[41, 945, 11, 17, 'note', 'A', 0.899]
[88, 1003, 11, 17, 'note', 'A', 0.899]
[101, 447, 11, 17, 'note', 'A', 0.899]
[40, 902, 11, 17, 'note', 'A', 0.899]
[57, 1170, 11, 17, 'note', 'A', 0.899]
[50, 1249, 11, 17, 'note', 'A', 0.899]
[276, 332, 11, 17, 'note', 'A', 0.899]
[125, 589, 11, 17, 'note', 'A', 0.899]
[74, 982, 11, 17, 'note', 'A', 0.899]
[253, 382, 11, 17, 'note', 'A', 0.899]
[221, 509, 11, 17, 'note', 'A', 0.899]
[76, 783, 11, 17, 'note', 'A', 0.899]
[289, 445, 11, 17, 'note', 'A', 0.899]
[88, 1130, 11, 17, 'note', 'A', 0.899]
[61, 405, 11, 17, 'note', 'A', 0.899]
[281, 207, 11, 17, 'note', 'A', 0.899]
[279, 332, 11, 17, 'note', 'A', 0.899]
[61, 961, 11, 17, 'note', 'A', 0.899]
[284, 154, 11, 17, 'note', 'A', 0.899]
[48, 1248, 11, 17, 'note', 'A', 0.899]
[101, 446, 11, 17, 'note', 'A', 0.899]
[129, 1062, 11, 17, 'note', 'A', 0.899]
[42, 902, 11, 17, 'note', 'A', 0.899]
[85, 659, 11, 17, 'note', 'A', 0.899]
[46, 1226, 11, 17, 'note', 'A', 0.899]
[63, 808, 11, 17, 'note', 'A', 0.899]
[46, 1227, 11, 17, 'note', 'A', 0.899]
[87, 1003, 11, 17, 'note', 'A', 0.899]
[51, 1337, 11, 17, 'note', 'A', 0.899]
[59, 1333, 11, 17, 'note', 'A', 0.899]
[186, 509, 11, 17, 'note', 'A', 0.899]
[89, 1002, 11, 17, 'note', 'A', 0.899]
[75, 984, 11, 17, 'note', 'A', 0.899]
[126, 589, 11, 17, 'note', 'A', 0.899]
[50, 918, 11, 17, 'note', 'A', 0.899]
[282, 155, 11, 17, 'note', 'A', 0.899]
[132, 674, 11, 17, 'note', 'A', 0.899]
[49, 290, 11, 17, 'note', 'A', 0.899]
[40, 1275, 11, 17, 'note', 'A', 0.899]
[51, 287, 11, 17, 'note', 'A', 0.899]
[52, 1336, 11, 17, 'note', 'A', 0.899]
[270, 265, 11, 17, 'note', 'A', 0.899]
[221, 506, 11, 17, 'note', 'A', 0.899]
[289, 447, 11, 17, 'note', 'A', 0.899]
[51, 1338, 11, 17, 'note', 'A', 0.899]
[62, 962, 11, 17, 'note', 'A', 0.899]
[53, 1338, 11, 17, 'note', 'A', 0.899]
[49, 842, 11, 17, 'note', 'A', 0.899]
[61, 407, 11, 17, 'note', 'A', 0.899]
[67, 1359, 11, 17, 'note', 'A', 0.899]
[86, 1377, 11, 17, 'note', 'A', 0.899]
[121, 708, 11, 17, 'note', 'A', 0.899]
[108, 729, 11, 17, 'note', 'A', 0.899]
[76, 980, 11, 17, 'note', 'A', 0.899]
[49, 922, 11, 17, 'note', 'A', 0.899]
[111, 1084, 11, 17, 'note', 'A', 0.899]
[49, 1207, 11, 17, 'note', 'A', 0.899]
[65, 1359, 11, 17, 'note', 'A', 0.899]
[99, 1106, 11, 17, 'note', 'A', 0.899]
[49, 881, 11, 17, 'note', 'A', 0.899]
[278, 335, 11, 17, 'note', 'A', 0.899]
[40, 1319, 11, 17, 'note', 'A', 0.899]
[54, 1336, 11, 17, 'note', 'A', 0.899]
[88, 752, 11, 17, 'note', 'A', 0.899]
[49, 287, 11, 17, 'note', 'A', 0.899]
[61, 960, 11, 17, 'note', 'A', 0.899]
[290, 443, 11, 17, 'note', 'A', 0.899]
[70, 443, 11, 17, 'note', 'A', 0.899]
[77, 981, 11, 17, 'note', 'A', 0.899]
[127, 590, 11, 17, 'note', 'A', 0.899]
[88, 1001, 11, 17, 'note', 'A', 0.899]
[66, 1151, 11, 17, 'note', 'A', 0.899]
[50, 288, 11, 17, 'note', 'A', 0.899]
[41, 863, 11, 17, 'note', 'A', 0.899]
[49, 1205, 11, 17, 'note', 'A', 0.899]
[86, 656, 11, 17, 'note', 'A', 0.899]
[296, 210, 11, 17, 'note', 'A', 0.899]
[50, 1204, 11, 17, 'note', 'A', 0.899]
[75, 786, 11, 17, 'note', 'A', 0.899]
[62, 408, 11, 17, 'note', 'A', 0.899]
[87, 659, 11, 17, 'note', 'A', 0.899]
[74, 534, 11, 17, 'note', 'A', 0.899]
[295, 210, 11, 17, 'note', 'A', 0.899]
[65, 1360, 11, 17, 'note', 'A', 0.899]
[41, 900, 11, 17, 'note', 'A', 0.899]
[51, 919, 11, 17, 'note', 'A', 0.899]
[88, 999, 11, 17, 'note', 'A', 0.899]
[74, 536, 11, 17, 'note', 'A', 0.899]
[43, 900, 11, 17, 'note', 'A', 0.899]
[76, 983, 11, 17, 'note', 'A', 0.899]
[40, 1274, 11, 17, 'note', 'A', 0.899]
[124, 751, 11, 17, 'note', 'A', 0.899]
[129, 1063, 11, 17, 'note', 'A', 0.899]
[99, 1104, 11, 17, 'note', 'A', 0.899]
[124, 590, 11, 17, 'note', 'A', 0.899]
[114, 1084, 11, 17, 'note', 'A', 0.899]
[99, 1107, 11, 17, 'note', 'A', 0.899]
[87, 754, 11, 17, 'note', 'A', 0.899]
[48, 290, 11, 17, 'note', 'A', 0.899]
[187, 507, 11, 17, 'note', 'A', 0.899]
[271, 265, 11, 17, 'note', 'A', 0.899]
[100, 447, 11, 17, 'note', 'A', 0.899]
[131, 671, 11, 17, 'note', 'A', 0.899]
[131, 1064, 11, 17, 'note', 'A', 0.899]
[42, 901, 11, 17, 'note', 'A', 0.899]
[42, 1320, 11, 17, 'note', 'A', 0.899]
[49, 1296, 11, 17, 'note', 'A', 0.899]
[52, 1338, 11, 17, 'note', 'A', 0.899]
[51, 1204, 11, 17, 'note', 'A', 0.899]
[50, 881, 11, 17, 'note', 'A', 0.899]
[88, 1376, 11, 17, 'note', 'A', 0.899]
[289, 446, 11, 17, 'note', 'A', 0.899]
[276, 335, 11, 17, 'note', 'A', 0.899]
[292, 445, 11, 17, 'note', 'A', 0.899]
[64, 805, 11, 17, 'note', 'A', 0.899]
[63, 805, 11, 17, 'note', 'A', 0.899]
[43, 1317, 11, 17, 'note', 'A', 0.899]
[129, 1064, 11, 17, 'note', 'A', 0.899]
[296, 207, 11, 17, 'note', 'A', 0.899]
[86, 658, 11, 17, 'note', 'A', 0.899]
[61, 406, 11, 17, 'note', 'A', 0.899]
[41, 901, 11, 17, 'note', 'A', 0.899]
[63, 406, 11, 17, 'note', 'A', 0.899]
[101, 1104, 11, 17, 'note', 'A', 0.899]
[88, 1128, 11, 17, 'note', 'A', 0.899]
[40, 1320, 11, 17, 'note', 'A', 0.899]
[76, 785, 11, 17, 'note', 'A', 0.899]
[62, 959, 11, 17, 'note', 'A', 0.899]
[49, 879, 11, 17, 'note', 'A', 0.899]
[86, 659, 11, 17, 'note', 'A', 0.899]
[54, 1335, 11, 17, 'note', 'A', 0.899]
[272, 266, 11, 17, 'note', 'A', 0.899]
[50, 1207, 11, 17, 'note', 'A', 0.899]
[48, 1294, 11, 17, 'note', 'A', 0.899]
[130, 674, 11, 17, 'note', 'A', 0.899]
[41, 902, 11, 17, 'note', 'A', 0.899]
[221, 508, 11, 17, 'note', 'A', 0.899]
[130, 673, 11, 17, 'note', 'A', 0.899]
[284, 383, 11, 17, 'note', 'A', 0.899]
[136, 41, 11, 17, 'note', 'A', 0.899]
[61, 408, 11, 17, 'note', 'A', 0.899]
[71, 443, 11, 17, 'note', 'A', 0.899]
[271, 268, 11, 17, 'note', 'A', 0.899]
[295, 209, 11, 17, 'note', 'A', 0.899]
[64, 806, 11, 17, 'note', 'A', 0.899]
[259, 443, 11, 17, 'note', 'A', 0.899]
[63, 405, 11, 17, 'note', 'A', 0.899]
[284, 384, 11, 17, 'note', 'A', 0.899]
[66, 1152, 11, 17, 'note', 'A', 0.899]
[269, 266, 11, 17, 'note', 'A', 0.899]
[88, 754, 11, 17, 'note', 'A', 0.899]
[246, 332, 11, 17, 'note', 'A', 0.899]
[49, 921, 11, 17, 'note', 'A', 0.899]
[88, 1127, 11, 17, 'note', 'A', 0.899]
[136, 42, 11, 17, 'note', 'A', 0.899]
[295, 207, 11, 17, 'note', 'A', 0.899]
[49, 839, 11, 17, 'note', 'A', 0.899]
[71, 442, 11, 17, 'note', 'A', 0.899]
[101, 1106, 11, 17, 'note', 'A', 0.899]
[63, 807, 11, 17, 'note', 'A', 0.899]
[67, 1358, 11, 17, 'note', 'A', 0.899]
[76, 786, 11, 17, 'note', 'A', 0.899]
[66, 1150, 11, 17, 'note', 'A', 0.899]
[75, 533, 11, 17, 'note', 'A', 0.899]
[88, 751, 11, 17, 'note', 'A', 0.899]
[53, 1335, 11, 17, 'note', 'A', 0.899]
[42, 1317, 11, 17, 'note', 'A', 0.899]
[281, 46, 11, 17, 'note', 'A', 0.899]
[258, 444, 11, 17, 'note', 'A', 0.899]
[41, 1274, 11, 17, 'note', 'A', 0.899]
[99, 1105, 11, 17, 'note', 'A', 0.899]
[258, 443, 11, 17, 'note', 'A', 0.899]
[49, 289, 11, 17, 'note', 'A', 0.899]
[87, 1374, 11, 17, 'note', 'A', 0.899]
[49, 919, 11, 17, 'note', 'A', 0.899]
[100, 1107, 11, 17, 'note', 'A', 0.899]
[75, 983, 11, 17, 'note', 'A', 0.899]
[123, 751, 11, 17, 'note', 'A', 0.899]
[50, 878, 11, 17, 'note', 'A', 0.899]
[282, 46, 11, 17, 'note', 'A', 0.899]
[88, 1129, 11, 17, 'note', 'A', 0.899]
[276, 333, 11, 17, 'note', 'A', 0.899]
[89, 1001, 11, 17, 'note', 'A', 0.899]
[291, 446, 11, 17, 'note', 'A', 0.899]
[246, 333, 11, 17, 'note', 'A', 0.899]
[49, 841, 11, 17, 'note', 'A', 0.899]
[64, 959, 11, 17, 'note', 'A', 0.899]
[58, 1333, 11, 17, 'note', 'A', 0.899]
[63, 806, 11, 17, 'note', 'A', 0.899]
[123, 749, 11, 17, 'note', 'A', 0.899]
[50, 921, 11, 17, 'note', 'A', 0.899]
[130, 1064, 11, 17, 'note', 'A', 0.899]
[63, 961, 11, 17, 'note', 'A', 0.899]
[124, 749, 11, 17, 'note', 'A', 0.899]
[62, 961, 11, 17, 'note', 'A', 0.899]
[76, 533, 11, 17, 'note', 'A', 0.899]
[49, 920, 11, 17, 'note', 'A', 0.899]
[88, 1002, 11, 17, 'note', 'A', 0.899]
[112, 1086, 11, 17, 'note', 'A', 0.899]
[284, 382, 11, 17, 'note', 'A', 0.899]
[50, 1248, 11, 17, 'note', 'A', 0.899]
[89, 999, 11, 17, 'note', 'A', 0.899]
[52, 1337, 11, 17, 'note', 'A', 0.899]
[49, 1250, 11, 17, 'note', 'A', 0.899]
[49, 1293, 11, 17, 'note', 'A', 0.899]
[66, 1359, 11, 17, 'note', 'A', 0.899]
[245, 332, 11, 17, 'note', 'A', 0.899]
[132, 671, 11, 17, 'note', 'A', 0.899]
[88, 1000, 11, 17, 'note', 'A', 0.899]
[112, 1085, 11, 17, 'note', 'A', 0.899]
[41, 1320, 11, 17, 'note', 'A', 0.899]
[87, 1377, 11, 17, 'note', 'A', 0.899]
[75, 981, 11, 17, 'note', 'A', 0.899]
[51, 878, 11, 17, 'note', 'A', 0.899]
[68, 1150, 11, 17, 'note', 'A', 0.899]
[86, 657, 11, 17, 'note', 'A', 0.899]
[75, 982, 11, 17, 'note', 'A', 0.899]
[42, 900, 11, 17, 'note', 'A', 0.899]
[49, 1248, 11, 17, 'note', 'A', 0.899]
[49, 840, 11, 17, 'note', 'A', 0.899]
[49, 1295, 11, 17, 'note', 'A', 0.899]
[66, 1358, 11, 17, 'note', 'A', 0.899]
[75, 536, 11, 17, 'note', 'A', 0.899]
[245, 333, 11, 17, 'note', 'A', 0.899]
[66, 1360, 11, 17, 'note', 'A', 0.899]
[41, 1319, 11, 17, 'note', 'A', 0.899]
[290, 445, 11, 17, 'note', 'A', 0.899]
[100, 1104, 11, 17, 'note', 'A', 0.899]
[113, 1086, 11, 17, 'note', 'A', 0.899]
[112, 1084, 11, 17, 'note', 'A', 0.899]
[41, 1318, 11, 17, 'note', 'A', 0.899]
[50, 287, 11, 17, 'note', 'A', 0.899]
[76, 784, 11, 17, 'note', 'A', 0.899]
[67, 1151, 11, 17, 'note', 'A', 0.899]
[295, 208, 11, 17, 'note', 'A', 0.899]
[135, 42, 11, 17, 'note', 'A', 0.899]
[62, 960, 11, 17, 'note', 'A', 0.899]
[283, 154, 11, 17, 'note', 'A', 0.899]
[285, 384, 11, 17, 'note', 'A', 0.899]
[89, 751, 11, 17, 'note', 'A', 0.899]
[67, 1152, 11, 17, 'note', 'A', 0.899]
[259, 444, 11, 17, 'note', 'A', 0.899]
[88, 658, 11, 17, 'note', 'A', 0.899]
[87, 1376, 11, 17, 'note', 'A', 0.899]
[126, 592, 11, 17, 'note', 'A', 0.899]
[62, 405, 11, 17, 'note', 'A', 0.899]
[51, 1205, 11, 17, 'note', 'A', 0.899]
[290, 446, 11, 17, 'note', 'A', 0.899]
[50, 1206, 11, 17, 'note', 'A', 0.899]
[270, 268, 11, 17, 'note', 'A', 0.899]
[283, 153, 11, 17, 'note', 'A', 0.899]
[50, 880, 11, 17, 'note', 'A', 0.899]
[283, 152, 11, 17, 'note', 'A', 0.899]
[50, 839, 11, 17, 'note', 'A', 0.899]
[53, 1336, 11, 17, 'note', 'A', 0.899]
[50, 1293, 11, 17, 'note', 'A', 0.899]
[87, 1375, 11, 17, 'note', 'A', 0.899]
[75, 535, 11, 17, 'note', 'A', 0.899]
[75, 534, 11, 17, 'note', 'A', 0.899]
[49, 1249, 11, 17, 'note', 'A', 0.899]
[221, 507, 11, 17, 'note', 'A', 0.899]
[76, 534, 11, 17, 'note', 'A', 0.899]
[62, 407, 11, 17, 'note', 'A', 0.899]
[125, 592, 11, 17, 'note', 'A', 0.899]
[88, 753, 11, 17, 'note', 'A', 0.899]
[130, 1063, 11, 17, 'note', 'A', 0.899]
[50, 840, 11, 17, 'note', 'A', 0.899]
[277, 335, 11, 17, 'note', 'A', 0.899]
[50, 1205, 11, 17, 'note', 'A', 0.899]
[277, 332, 11, 17, 'note', 'A', 0.899]
[125, 591, 11, 17, 'note', 'A', 0.899]
[124, 750, 11, 17, 'note', 'A', 0.899]
[284, 152, 11, 17, 'note', 'A', 0.899]
[43, 1318, 11, 17, 'note', 'A', 0.899]
[284, 153, 11, 17, 'note', 'A', 0.899]
[88, 1374, 11, 17, 'note', 'A', 0.899]
[51, 879, 11, 17, 'note', 'A', 0.899]
[131, 1061, 11, 17, 'note', 'A', 0.899]
[88, 1375, 11, 17, 'note', 'A', 0.899]
[42, 1319, 11, 17, 'note', 'A', 0.899]
[277, 334, 11, 17, 'note', 'A', 0.899]
[53, 1337, 11, 17, 'note', 'A', 0.899]
[62, 406, 11, 17, 'note', 'A', 0.899]
[63, 959, 11, 17, 'note', 'A', 0.899]
[292, 443, 11, 17, 'note', 'A', 0.899]
[49, 1294, 11, 17, 'note', 'A', 0.899]
[130, 672, 11, 17, 'note', 'A', 0.899]
[50, 1294, 11, 17, 'note', 'A', 0.899]
[270, 267, 11, 17, 'note', 'A', 0.899]
[101, 1105, 11, 17, 'note', 'A', 0.899]
[50, 879, 11, 17, 'note', 'A', 0.899]
[132, 1063, 11, 17, 'note', 'A', 0.899]
[67, 1150, 11, 17, 'note', 'A', 0.899]
[131, 674, 11, 17, 'note', 'A', 0.899]
[89, 1000, 11, 17, 'note', 'A', 0.899]
[76, 981, 11, 17, 'note', 'A', 0.899]
[285, 382, 11, 17, 'note', 'A', 0.899]
[282, 45, 11, 17, 'note', 'A', 0.899]
[296, 208, 11, 17, 'note', 'A', 0.899]
[50, 919, 11, 17, 'note', 'A', 0.899]
[113, 1084, 11, 17, 'note', 'A', 0.899]
[296, 209, 11, 17, 'note', 'A', 0.899]
[123, 750, 11, 17, 'note', 'A', 0.899]
[87, 656, 11, 17, 'note', 'A', 0.899]
[125, 590, 11, 17, 'note', 'A', 0.899]
[291, 443, 11, 17, 'note', 'A', 0.899]
[290, 444, 11, 17, 'note', 'A', 0.899]
[88, 656, 11, 17, 'note', 'A', 0.899]
[277, 333, 11, 17, 'note', 'A', 0.899]
[76, 982, 11, 17, 'note', 'A', 0.899]
[50, 920, 11, 17, 'note', 'A', 0.899]
[278, 332, 11, 17, 'note', 'A', 0.899]
[87, 658, 11, 17, 'note', 'A', 0.899]
[292, 444, 11, 17, 'note', 'A', 0.899]
[132, 1061, 11, 17, 'note', 'A', 0.899]
[270, 266, 11, 17, 'note', 'A', 0.899]
[42, 1318, 11, 17, 'note', 'A', 0.899]
[130, 1062, 11, 17, 'note', 'A', 0.899]
[63, 960, 11, 17, 'note', 'A', 0.899]
[100, 1106, 11, 17, 'note', 'A', 0.899]
[278, 334, 11, 17, 'note', 'A', 0.899]
[126, 590, 11, 17, 'note', 'A', 0.899]
[132, 673, 11, 17, 'note', 'A', 0.899]
[100, 1105, 11, 17, 'note', 'A', 0.899]
[285, 383, 11, 17, 'note', 'A', 0.899]
[113, 1085, 11, 17, 'note', 'A', 0.899]
[291, 445, 11, 17, 'note', 'A', 0.899]
[131, 673, 11, 17, 'note', 'A', 0.899]
[126, 591, 11, 17, 'note', 'A', 0.899]
[278, 333, 11, 17, 'note', 'A', 0.899]
[87, 657, 11, 17, 'note', 'A', 0.899]
[271, 267, 11, 17, 'note', 'A', 0.899]
[271, 266, 11, 17, 'note', 'A', 0.899]
[132, 672, 11, 17, 'note', 'A', 0.899]
[131, 1063, 11, 17, 'note', 'A', 0.899]
[131, 672, 11, 17, 'note', 'A', 0.899]
[88, 657, 11, 17, 'note', 'A', 0.899]
[291, 444, 11, 17, 'note', 'A', 0.899]
[132, 1062, 11, 17, 'note', 'A', 0.899]
[131, 1062, 11, 17, 'note', 'A', 0.899]
[286, 1230, 29, 18, 'eighth rest', 'A', 0.973]
[62, 8, 29, 18, 'eighth rest', 'A', 0.973]
[277, 405, 29, 18, 'eighth rest', 'A', 0.973]
[326, 449, 29, 18, 'eighth rest', 'A', 0.973]
[64, 8, 29, 18, 'eighth rest', 'A', 0.973]
[245, 179, 29, 18, 'eighth rest', 'A', 0.973]
[328, 449, 29, 18, 'eighth rest', 'A', 0.973]
[63, 8, 29, 18, 'eighth rest', 'A', 0.973]
[233, 532, 29, 18, 'eighth rest', 'A', 0.973]
[264, 651, 29, 18, 'eighth rest', 'A', 0.973]
[264, 652, 29, 18, 'eighth rest', 'A', 0.973]
[88, 564, 29, 18, 'eighth rest', 'A', 0.973]
[287, 1229, 29, 18, 'eighth rest', 'A', 0.973]
[232, 532, 29, 18, 'eighth rest', 'A', 0.973]
[232, 533, 29, 18, 'eighth rest', 'A', 0.973]
[87, 564, 29, 18, 'eighth rest', 'A', 0.973]
[286, 1229, 29, 18, 'eighth rest', 'A', 0.973]
[328, 450, 29, 18, 'eighth rest', 'A', 0.973]
[327, 449, 29, 18, 'eighth rest', 'A', 0.973]
[88, 563, 29, 18, 'eighth rest', 'A', 0.973]
[326, 450, 29, 18, 'eighth rest', 'A', 0.973]
[276, 403, 29, 18, 'eighth rest', 'A', 0.973]
[87, 379, 29, 18, 'eighth rest', 'A', 0.973]
[258, 287, 29, 18, 'eighth rest', 'A', 0.973]
[87, 504, 29, 18, 'eighth rest', 'A', 0.973]
[327, 450, 29, 18, 'eighth rest', 'A', 0.973]
[277, 404, 29, 18, 'eighth rest', 'A', 0.973]
[258, 285, 29, 18, 'eighth rest', 'A', 0.973]
[276, 404, 29, 18, 'eighth rest', 'A', 0.973]
[233, 590, 29, 18, 'eighth rest', 'A', 0.973]
[258, 286, 29, 18, 'eighth rest', 'A', 0.973]
